#v=0 km/s  [Fe/H]=0
Isotope 13MSun 15MSun 20MSun 25MSun 30MSun 40MSun 60MSun 80MSun 120MSun
H     6.1592E+00  6.8845E+00  8.5593E+00  1.0135E+01  1.1576E+01  1.4539E+01  2.0463E+01  2.5220E+01  3.6732E+01
H2    2.9523E-06  3.6682E-06  5.8878E-06  7.3598E-06  8.8318E-06  1.1777E-05  1.7670E-05  2.3570E-05  3.5377E-05
H3    5.4069E-29  3.1300E-26  2.0669E-16  4.3294E-14  2.2082E-13  2.6141E-12  1.4364E-11  4.3895E-11  1.3806E-10
He3   3.6548E-04  3.9439E-04  4.6986E-04  5.4836E-04  6.2781E-04  7.8911E-04  1.1168E-03  1.3396E-03  1.7584E-03
He4   4.6327E+00  5.1226E+00  7.1652E+00  8.3288E+00  7.3349E+00  1.0974E+01  2.1610E+01  3.0098E+01  5.1977E+01
Li6   5.9770E-11  7.4266E-11  1.1972E-10  1.5018E-10  1.8090E-10  2.4319E-10  3.6984E-10  4.9849E-10  7.5772E-10
Li7   8.4900E-10  1.0549E-09  1.7985E-09  2.2774E-09  2.7630E-09  3.8796E-09  5.6519E-09  7.2343E-09  1.1083E-08
Be7   1.4797E-18  4.6861E-16  1.1940E-14  4.7919E-12  8.4431E-12  1.1629E-11  2.0945E-11  1.5975E-11  3.0266E-12
Be9   2.2919E-11  2.6008E-11  6.2224E-11  7.6757E-11  9.1030E-11  1.1843E-10  1.7102E-10  1.9062E-10  2.9079E-10
Be10  1.0346E-59  1.1587E-59  5.8796E-60  6.5850E-60  0.0000E+00  0.0000E+00  0.0000E+00  0.0000E+00  0.0000E+00
B10   2.5435E-10  2.8155E-10  3.8508E-10  5.9700E-10  6.9818E-10  8.9221E-10  1.2645E-09  1.4327E-09  2.1285E-09
B11   8.0392E-09  8.9875E-09  1.1279E-08  1.3480E-08  1.5659E-08  2.0470E-08  3.0119E-08  3.7374E-08  5.4080E-08
C12   1.1404E-01  2.2096E-01  4.0941E-01  6.1944E-01  2.5054E-02  3.1933E-02  3.9826E-01  1.1226E+00  2.0178E+00
C13   6.9180E-04  7.7869E-04  1.0411E-03  1.2839E-03  1.4423E-03  1.8031E-03  1.7254E-03  1.7021E-03  2.3899E-03
C14   3.1689E-06  2.7591E-07  2.5505E-06  6.8276E-06  2.0089E-16  4.0063E-14  5.1006E-13  8.8251E-12  7.0191E-11
N13   1.0186E-13  2.5353E-13  3.0317E-13  1.0248E-12  3.2838E-15  6.9372E-15  2.1346E-14  4.6778E-14  4.7262E-14
N14   3.3092E-02  3.6630E-02  4.3741E-02  5.9377E-02  6.7792E-02  1.0455E-01  2.0755E-01  2.8556E-01  4.9749E-01
N15   6.7973E-06  7.5037E-06  1.3543E-05  1.2828E-05  1.2692E-05  1.6330E-05  2.5292E-05  3.1784E-05  4.7190E-05
N16   7.9870E-28  5.3538E-27  4.0444E-30  4.7504E-24  0.0000E+00  0.0000E+00  0.0000E+00  0.0000E+00  0.0000E+00
O15   2.2080E-17  1.3501E-17  3.6789E-17  3.0459E-16  5.9396E-16  1.2345E-15  3.8611E-15  8.2929E-15  7.6850E-15
O16   2.4337E-01  5.8234E-01  1.2501E+00  2.4724E+00  7.3782E-02  8.7253E-02  1.4910E-01  2.4192E-01  3.6819E-01
O17   5.5634E-05  5.5608E-05  4.6201E-05  4.7633E-05  4.0707E-05  4.1705E-05  5.3011E-05  6.1316E-05  7.9192E-05
O18   3.6454E-03  3.3347E-03  6.3061E-03  4.0082E-03  1.4544E-04  1.8099E-04  2.3255E-04  2.6242E-04  3.2941E-04
O19   3.3333E-21  4.8176E-20  7.2472E-23  1.2197E-20  0.0000E+00  0.0000E+00  0.0000E+00  0.0000E+00  0.0000E+00
F17   5.8782E-25  7.4662E-25  4.0567E-25  7.1269E-20  1.4944E-19  3.0764E-19  9.9201E-19  2.1316E-18  1.8900E-18
F18   7.0298E-08  8.9173E-08  5.4537E-08  1.1848E-08  3.6528E-20  7.1896E-20  2.3705E-19  4.8764E-19  3.9872E-19
F19   3.6757E-06  4.0664E-06  5.4592E-06  6.2331E-06  6.2210E-06  7.3308E-06  1.3569E-05  1.5300E-05  2.5448E-05
F20   1.6303E-22  3.3388E-22  3.0454E-24  1.0343E-20  0.0000E+00  0.0000E+00  0.0000E+00  0.0000E+00  0.0000E+00
Ne20  3.8117E-02  1.2930E-01  3.8949E-01  8.6041E-01  2.2088E-02  2.9642E-02  4.8810E-02  6.4587E-02  1.0312E-01
Ne21  7.4539E-05  1.5323E-04  3.1544E-04  9.1246E-04  1.0750E-04  1.1949E-04  1.4110E-04  1.5185E-04  1.8422E-04
Ne22  7.4827E-03  1.1900E-02  3.0063E-02  2.8005E-02  1.1819E-03  1.4120E-03  1.6701E-02  4.9788E-02  1.0456E-01
Ne23  1.5462E-14  5.6904E-14  4.4308E-15  8.2108E-15  0.0000E+00  0.0000E+00  0.0000E+00  0.0000E+00  0.0000E+00
Na21  3.5808E-16  1.2292E-15  8.3591E-17  1.2464E-17  0.0000E+00  0.0000E+00  0.0000E+00  0.0000E+00  0.0000E+00
Na22  8.1981E-08  5.2698E-07  1.2238E-06  7.9464E-06  3.4774E-18  6.6346E-18  2.2668E-17  5.0498E-17  2.9456E-17
Na23  1.0372E-03  2.4432E-03  6.5923E-03  2.1658E-02  1.4343E-03  2.3296E-03  5.1006E-03  7.5270E-03  1.3637E-02
Na24  7.7079E-07  1.0479E-06  6.0240E-07  6.6706E-06  0.0000E+00  0.0000E+00  0.0000E+00  0.0000E+00  0.0000E+00
Mg23  1.3997E-15  4.5208E-15  2.9054E-16  4.2877E-18  0.0000E+00  0.0000E+00  0.0000E+00  0.0000E+00  0.0000E+00
Mg24  1.8316E-02  3.8829E-02  1.0846E-01  1.1542E-01  1.0651E-02  1.4370E-02  2.3921E-02  3.1850E-02  5.1235E-02
Mg25  1.5868E-03  4.1404E-03  1.1411E-02  2.2406E-02  9.8194E-04  1.1694E-03  1.5272E-03  1.8410E-03  2.5277E-03
Mg26  1.9111E-03  4.1761E-03  1.0573E-02  2.2083E-02  1.9585E-03  2.7103E-03  4.6684E-03  6.1815E-03  9.7248E-03
Mg27  5.7715E-13  1.0556E-12  1.1214E-12  3.5737E-13  0.0000E+00  0.0000E+00  0.0000E+00  0.0000E+00  0.0000E+00
Al25  1.0400E-18  2.7220E-18  1.7553E-18  9.5968E-18  0.0000E+00  0.0000E+00  0.0000E+00  0.0000E+00  0.0000E+00
Al26  1.9245E-05  3.8809E-05  6.2739E-05  7.5849E-05  3.6955E-06  1.2483E-05  5.8676E-05  1.2348E-04  3.6741E-04
Alg6  1.2929E-06  1.1875E-06  1.5638E-06  2.5654E-06  3.6955E-06  1.2483E-05  5.8676E-05  1.2348E-04  3.6741E-04
Alm6  1.0607E-16  2.8156E-17  4.1430E-19  3.8391E-22  2.9744E-25  5.1808E-25  1.3895E-24  1.5957E-24  2.1147E-24
Al27  2.0263E-03  4.4265E-03  1.2025E-02  1.7666E-02  1.1614E-03  1.6547E-03  3.0396E-03  4.3295E-03  7.5870E-03
Al28  1.3970E-12  7.1008E-13  2.9798E-12  4.8808E-13  0.0000E+00  0.0000E+00  0.0000E+00  0.0000E+00  0.0000E+00
Si27  5.8708E-18  2.7627E-18  2.0571E-17  1.0487E-19  0.0000E+00  0.0000E+00  0.0000E+00  0.0000E+00  0.0000E+00
Si28  6.5992E-02  1.0543E-01  1.3740E-01  1.2379E-01  1.1793E-02  1.5909E-02  2.6485E-02  3.5252E-02  5.6701E-02
Si29  1.3367E-03  2.4870E-03  5.4529E-03  5.1387E-03  6.2015E-04  8.3656E-04  1.3932E-03  1.8558E-03  2.9864E-03
Si30  2.2603E-03  3.8749E-03  6.9353E-03  5.0028E-03  4.2294E-04  5.7058E-04  9.5064E-04  1.2685E-03  2.0432E-03
Si31  2.5132E-08  4.6428E-08  7.7393E-08  9.9980E-08  0.0000E+00  0.0000E+00  0.0000E+00  0.0000E+00  0.0000E+00
Si32  5.3007E-09  9.1128E-09  3.6105E-08  4.7541E-08  0.0000E+00  0.0000E+00  0.0000E+00  0.0000E+00  0.0000E+00
P29   2.0956E-20  6.9046E-20  3.2052E-21  4.6323E-22  0.0000E+00  0.0000E+00  0.0000E+00  0.0000E+00  0.0000E+00
P30   1.1398E-12  5.6503E-13  1.6054E-12  2.1491E-13  0.0000E+00  0.0000E+00  0.0000E+00  0.0000E+00  0.0000E+00
P31   4.5197E-04  8.4822E-04  1.2662E-03  1.5419E-03  1.1244E-04  1.5169E-04  2.5315E-04  3.3973E-04  5.4829E-04
P32   5.2227E-07  1.2188E-06  3.3177E-06  3.8196E-06  8.1576E-28  3.0878E-28  1.0562E-32  1.6036E-32  2.1694E-32
P33   3.8568E-07  6.1802E-07  1.1361E-06  1.1082E-06  0.0000E+00  0.0000E+00  0.0000E+00  0.0000E+00  0.0000E+00
P34   1.5073E-20  1.4682E-20  1.0944E-21  5.9540E-20  0.0000E+00  0.0000E+00  0.0000E+00  0.0000E+00  0.0000E+00
S31   6.5215E-22  4.7483E-22  7.3940E-21  5.2135E-24  0.0000E+00  0.0000E+00  0.0000E+00  0.0000E+00  0.0000E+00
S32   2.7089E-02  4.0486E-02  4.3993E-02  4.5942E-02  5.6509E-03  7.6232E-03  1.2686E-02  1.6866E-02  2.7111E-02
S33   2.0529E-04  3.9034E-04  4.6973E-04  7.1069E-04  4.6655E-05  6.2938E-05  1.0878E-04  1.6089E-04  2.7207E-04
S34   1.6552E-03  2.9760E-03  3.1532E-03  4.9044E-03  2.7133E-04  3.6603E-04  6.0944E-04  8.1211E-04  1.3069E-03
S35   3.9541E-07  9.3930E-07  1.8299E-06  4.6324E-06  5.5007E-27  2.0799E-27  7.1120E-32  1.0799E-31  1.4602E-31
S36   1.1162E-06  1.8474E-06  4.4246E-06  1.0495E-05  1.3394E-06  1.8068E-06  3.0076E-06  4.0022E-06  6.4363E-06
S37   3.1979E-18  6.8877E-18  3.9127E-18  2.5633E-17  0.0000E+00  0.0000E+00  0.0000E+00  0.0000E+00  0.0000E+00
Cl33  1.6361E-23  2.8697E-23  4.5037E-24  1.2136E-24  0.0000E+00  0.0000E+00  0.0000E+00  0.0000E+00  0.0000E+00
Cl34  4.1769E-26  1.2339E-25  1.1203E-25  5.1376E-28  0.0000E+00  0.0000E+00  0.0000E+00  0.0000E+00  0.0000E+00
Cl35  1.4446E-04  2.4461E-04  2.8619E-04  5.7247E-04  1.1836E-04  1.5967E-04  2.6538E-04  3.5149E-04  5.6400E-04
Cl36  8.2240E-07  1.8489E-06  3.1277E-06  4.8439E-06  3.7176E-13  1.1243E-10  2.0309E-07  1.2165E-06  2.9795E-06
Cl37  2.9438E-05  4.2286E-05  7.9747E-05  1.4641E-04  3.9990E-05  5.3947E-05  9.2964E-05  1.3680E-04  2.2992E-04
Cl38  1.3018E-11  4.8463E-12  7.0751E-12  2.3536E-11  0.0000E+00  0.0000E+00  0.0000E+00  0.0000E+00  0.0000E+00
Ar36  4.8903E-03  6.7719E-03  7.2278E-03  6.9918E-03  1.0795E-03  1.4562E-03  2.4212E-03  3.2098E-03  5.1524E-03
Ar37  8.9227E-06  1.7792E-05  1.8252E-05  3.6220E-05  7.5042E-22  2.9578E-22  1.1185E-22  1.1537E-24  4.6628E-24
Ar38  6.5969E-04  1.1825E-03  1.2307E-03  2.2337E-03  2.0718E-04  2.7948E-04  4.6508E-04  6.1837E-04  9.9413E-04
Ar39  3.4281E-07  7.9207E-07  2.3752E-06  7.9241E-06  1.1155E-22  3.1556E-23  1.7099E-27  2.9147E-27  5.8839E-27
Ar40  3.4895E-07  5.0221E-07  1.1414E-06  2.9882E-06  3.4879E-07  4.7053E-07  7.8334E-07  1.0502E-06  1.7114E-06
Ar41  9.4754E-11  9.7786E-11  1.1795E-10  4.9811E-10  0.0000E+00  0.0000E+00  0.0000E+00  0.0000E+00  0.0000E+00
K37   6.4885E-32  5.2813E-32  1.2963E-33  3.6026E-32  0.0000E+00  0.0000E+00  0.0000E+00  0.0000E+00  0.0000E+00
K38   4.2340E-15  3.0960E-15  2.5585E-14  5.5387E-14  0.0000E+00  0.0000E+00  0.0000E+00  0.0000E+00  0.0000E+00
K39   6.7515E-05  1.0529E-04  1.2401E-04  1.9956E-04  5.4920E-05  7.4089E-05  1.2335E-04  1.6426E-04  2.6423E-04
K40   2.5481E-07  6.0714E-07  1.3951E-06  2.4012E-06  8.8644E-08  1.1975E-07  3.8402E-07  1.2011E-06  2.4585E-06
K41   2.6053E-06  3.3190E-06  5.4208E-06  8.1499E-06  4.1667E-06  5.6210E-06  9.3549E-06  1.2523E-05  2.0158E-05
K42   1.9830E-08  1.7717E-08  1.7730E-08  6.4605E-08  0.0000E+00  0.0000E+00  0.0000E+00  0.0000E+00  0.0000E+00
Ca40  4.4365E-03  5.8013E-03  6.3790E-03  5.4988E-03  1.1971E-03  1.6149E-03  2.6860E-03  3.5647E-03  5.7254E-03
Ca41  3.5157E-06  7.1361E-06  1.1009E-05  1.5063E-05  3.1059E-12  9.1197E-10  2.1411E-06  1.0824E-05  2.3688E-05
Ca42  2.0971E-05  3.8381E-05  5.1083E-05  9.8976E-05  8.3892E-06  1.1317E-05  1.9023E-05  2.7192E-05  4.5010E-05
Ca43  1.7164E-06  2.8529E-06  7.3771E-06  1.5368E-05  1.7921E-06  2.4176E-06  4.0318E-06  5.4873E-06  8.9110E-06
Ca44  1.7899E-05  2.1862E-05  3.9322E-05  7.3984E-05  2.8335E-05  3.8225E-05  6.3600E-05  8.4527E-05  1.3584E-04
Ca45  1.9649E-07  3.0665E-07  7.2647E-07  2.7035E-06  2.8289E-26  1.0691E-26  3.6553E-31  5.5506E-31  7.5038E-31
Ca46  1.1412E-07  1.0613E-07  3.1728E-07  1.7107E-06  5.6805E-08  7.6631E-08  1.2748E-07  1.6930E-07  2.7203E-07
Ca47  1.0388E-09  1.4098E-09  4.5683E-09  2.4451E-08  1.0713E-30  4.0531E-31  1.3871E-35  2.1059E-35  2.8459E-35
Ca48  1.6101E-06  1.8428E-06  2.5181E-06  3.1303E-06  2.7710E-06  3.7382E-06  6.2218E-06  8.2769E-06  1.3309E-05
Ca49  4.6150E-17  1.4232E-16  2.7284E-17  3.2963E-17  0.0000E+00  0.0000E+00  0.0000E+00  0.0000E+00  0.0000E+00
Sc41  3.0866E-47  1.3777E-47  1.1861E-50  5.0766E-46  0.0000E+00  0.0000E+00  0.0000E+00  0.0000E+00  0.0000E+00
Sc42  1.2346E-40  1.4947E-40  2.1025E-43  2.3391E-43  0.0000E+00  0.0000E+00  0.0000E+00  0.0000E+00  0.0000E+00
Sc43  3.2134E-08  2.8113E-08  4.1195E-08  5.4273E-08  0.0000E+00  0.0000E+00  0.0000E+00  0.0000E+00  0.0000E+00
Sc44  1.8721E-09  4.1474E-09  7.7617E-09  1.1194E-08  0.0000E+00  0.0000E+00  0.0000E+00  0.0000E+00  0.0000E+00
Sc45  8.4784E-07  1.3173E-06  3.7742E-06  8.6623E-06  8.9698E-07  1.2100E-06  2.0568E-06  2.8767E-06  4.7435E-06
Sc46  4.9462E-08  1.3188E-07  3.1523E-07  1.2322E-06  1.0041E-26  3.8013E-27  1.2945E-31  1.9677E-31  2.6760E-31
Sc47  9.5205E-09  2.9225E-08  6.8698E-08  2.3670E-07  8.1642E-31  3.0886E-31  1.0570E-35  1.6049E-35  2.1688E-35
Sc48  2.9587E-09  6.6529E-09  1.1245E-08  4.8496E-08  0.0000E+00  0.0000E+00  0.0000E+00  0.0000E+00  0.0000E+00
Sc49  2.5961E-12  4.0531E-12  6.1089E-12  3.5162E-11  0.0000E+00  0.0000E+00  0.0000E+00  0.0000E+00  0.0000E+00
Ti44  2.6282E-05  2.0642E-05  2.5709E-05  4.1312E-05  0.0000E+00  0.0000E+00  0.0000E+00  0.0000E+00  0.0000E+00
Ti45  2.5540E-08  3.5983E-08  3.8407E-08  5.0951E-08  0.0000E+00  0.0000E+00  0.0000E+00  0.0000E+00  0.0000E+00
Ti46  1.1171E-05  1.8036E-05  2.3616E-05  3.7430E-05  4.7728E-06  6.4386E-06  1.0718E-05  1.4301E-05  2.3021E-05
Ti47  3.4241E-06  4.1413E-06  6.8884E-06  1.1557E-05  4.3979E-06  5.9328E-06  9.8142E-06  1.2865E-05  2.0536E-05
Ti48  2.6056E-05  2.9735E-05  4.1393E-05  5.2286E-05  4.4504E-05  6.0037E-05  9.9575E-05  1.3106E-04  2.0964E-04
Ti49  2.2775E-06  2.9610E-06  5.1749E-06  9.4878E-06  3.3340E-06  4.4977E-06  7.9061E-06  1.2015E-05  2.0521E-05
Ti50  2.3757E-06  3.3961E-06  7.2631E-06  1.5569E-05  3.2573E-06  4.3942E-06  7.3612E-06  1.0131E-05  1.6535E-05
Ti51  2.7407E-15  7.2151E-15  1.1000E-15  2.3011E-15  0.0000E+00  0.0000E+00  0.0000E+00  0.0000E+00  0.0000E+00
V45   3.7493E-52  8.8322E-52  9.6239E-51  3.2305E-47  0.0000E+00  0.0000E+00  0.0000E+00  0.0000E+00  0.0000E+00
V46   4.9971E-52  3.7705E-52  1.2441E-49  2.6150E-53  0.0000E+00  0.0000E+00  0.0000E+00  0.0000E+00  0.0000E+00
V47   1.2939E-10  1.1113E-10  1.8819E-10  2.4535E-10  0.0000E+00  0.0000E+00  0.0000E+00  0.0000E+00  0.0000E+00
V48   3.3227E-08  5.8253E-08  8.4774E-08  1.1817E-07  0.0000E+00  0.0000E+00  0.0000E+00  0.0000E+00  0.0000E+00
V49   3.7551E-06  4.9168E-06  5.5070E-06  4.4625E-06  0.0000E+00  0.0000E+00  0.0000E+00  0.0000E+00  0.0000E+00
V50   4.2259E-08  1.0173E-07  2.1770E-07  3.6694E-07  1.5013E-08  2.0253E-08  3.3476E-08  4.3734E-08  6.9703E-08
V51   3.6896E-06  4.3218E-06  6.1383E-06  8.0461E-06  6.1100E-06  8.2428E-06  1.3826E-05  1.8579E-05  3.0032E-05
V52   1.5696E-15  3.3763E-15  2.4715E-15  9.9918E-16  0.0000E+00  0.0000E+00  0.0000E+00  0.0000E+00  0.0000E+00
Cr48  8.0941E-05  7.3893E-05  8.0391E-05  9.3501E-05  0.0000E+00  0.0000E+00  0.0000E+00  0.0000E+00  0.0000E+00
Cr49  7.7757E-09  9.5514E-09  1.1185E-08  7.5268E-09  0.0000E+00  0.0000E+00  0.0000E+00  0.0000E+00  0.0000E+00
Cr50  4.6059E-05  7.1517E-05  8.9557E-05  6.4890E-05  1.3382E-05  1.8053E-05  2.9826E-05  3.8927E-05  6.2011E-05
Cr51  9.8183E-06  1.3566E-05  1.4927E-05  9.7443E-06  1.2228E-22  4.5119E-23  2.8086E-23  6.5337E-25  1.1177E-23
Cr52  1.6641E-04  1.9190E-04  2.5523E-04  2.9546E-04  2.6838E-04  3.6205E-04  6.0230E-04  8.0013E-04  1.2857E-03
Cr53  1.7852E-05  2.0513E-05  2.7813E-05  3.4300E-05  3.1017E-05  4.1845E-05  6.9376E-05  9.1459E-05  1.4647E-04
Cr54  6.0682E-06  9.0743E-06  1.7893E-05  3.1197E-05  7.8667E-06  1.0613E-05  1.8430E-05  2.7298E-05  4.6049E-05
Cr55  6.4303E-15  2.0773E-14  2.2022E-15  5.4488E-15  0.0000E+00  0.0000E+00  0.0000E+00  0.0000E+00  0.0000E+00
Mn50  1.0448E-59  1.1701E-59  1.4294E-58  3.0153E-59  0.0000E+00  0.0000E+00  0.0000E+00  0.0000E+00  0.0000E+00
Mn51  2.5267E-08  3.3517E-08  4.0914E-08  2.1621E-08  0.0000E+00  0.0000E+00  0.0000E+00  0.0000E+00  0.0000E+00
Mn52  1.5716E-04  1.8697E-04  2.0038E-04  1.4840E-04  0.0000E+00  0.0000E+00  0.0000E+00  0.0000E+00  0.0000E+00
Mn53  7.4179E-05  1.0009E-04  1.0685E-04  6.8584E-05  0.0000E+00  0.0000E+00  0.0000E+00  0.0000E+00  0.0000E+00
Mn54  9.0328E-08  1.7853E-07  2.6185E-07  3.9923E-07  0.0000E+00  0.0000E+00  0.0000E+00  0.0000E+00  0.0000E+00
Mn55  1.2550E-04  1.4429E-04  1.9274E-04  2.2301E-04  2.0890E-04  2.8181E-04  4.7997E-04  6.6609E-04  1.0923E-03
Mn56  2.3157E-08  3.7608E-08  2.4283E-08  3.8983E-08  0.0000E+00  0.0000E+00  0.0000E+00  0.0000E+00  0.0000E+00
Mn57  5.9701E-19  4.0045E-19  7.5240E-19  5.8457E-21  0.0000E+00  0.0000E+00  0.0000E+00  0.0000E+00  0.0000E+00
Fe52  4.7172E-04  5.5884E-04  5.9627E-04  4.4620E-04  0.0000E+00  0.0000E+00  0.0000E+00  0.0000E+00  0.0000E+00
Fe53  4.6856E-15  3.1363E-15  1.2786E-13  1.3666E-13  0.0000E+00  0.0000E+00  0.0000E+00  0.0000E+00  0.0000E+00
Fe54  3.7854E-03  5.5967E-03  6.8045E-03  4.2090E-03  1.4085E-03  1.9000E-03  3.1470E-03  4.1289E-03  6.5951E-03
Fe55  7.5881E-05  1.1455E-04  1.2672E-04  8.5429E-05  5.1460E-17  9.2552E-15  1.5598E-13  3.4908E-12  4.2809E-11
Fe56  1.3302E-02  1.5096E-02  2.0030E-02  2.3537E-02  2.2930E-02  3.0933E-02  5.1445E-02  6.8293E-02  1.0969E-01
Fe57  3.4659E-04  4.5241E-04  6.8792E-04  8.8550E-04  5.3899E-04  7.2710E-04  1.2485E-03  1.7915E-03  2.9893E-03
Fe58  1.2119E-04  2.7591E-04  6.6273E-04  1.1749E-03  7.2987E-05  9.8466E-05  1.7580E-04  3.0295E-04  5.3966E-04
Fe59  7.6147E-06  1.5982E-05  1.6566E-05  6.4132E-05  5.8645E-26  2.2280E-26  7.5760E-31  1.1532E-30  1.6117E-30
Fe60  3.5688E-06  4.0622E-06  7.3895E-06  3.7426E-05  6.8822E-25  3.3542E-20  1.4439E-11  3.1308E-10  7.0225E-10
Fe61  2.6534E-14  7.2674E-15  5.4797E-16  2.5063E-15  0.0000E+00  0.0000E+00  0.0000E+00  0.0000E+00  0.0000E+00
Co54  1.0346E-59  1.1587E-59  5.8796E-60  6.5850E-60  0.0000E+00  0.0000E+00  0.0000E+00  0.0000E+00  0.0000E+00
Co55  3.0179E-04  4.2018E-04  4.6259E-04  2.5531E-04  0.0000E+00  0.0000E+00  0.0000E+00  0.0000E+00  0.0000E+00
Co56  2.5715E-06  2.7288E-06  3.4045E-06  2.8973E-06  0.0000E+00  0.0000E+00  0.0000E+00  0.0000E+00  0.0000E+00
Co57  1.4383E-04  1.3968E-04  1.4120E-04  1.5371E-04  0.0000E+00  0.0000E+00  0.0000E+00  0.0000E+00  0.0000E+00
Co58  1.1596E-06  2.1678E-06  2.8946E-06  1.7877E-06  0.0000E+00  0.0000E+00  0.0000E+00  0.0000E+00  0.0000E+00
Co59  8.3167E-05  1.5466E-04  3.8118E-04  7.3632E-04  8.1362E-05  1.0976E-04  1.8237E-04  2.4449E-04  3.9420E-04
Co60  3.2500E-06  7.9869E-06  9.7105E-06  2.9631E-05  9.4924E-24  3.6288E-24  2.6294E-17  5.7082E-16  1.2812E-15
Co61  9.6135E-08  2.1562E-07  2.7712E-07  8.0545E-07  0.0000E+00  0.0000E+00  0.0000E+00  0.0000E+00  0.0000E+00
Ni56  7.0000E-02  7.0000E-02  7.0000E-02  7.0000E-02  0.0000E+00  0.0000E+00  0.0000E+00  0.0000E+00  0.0000E+00
Ni57  2.6634E-03  2.5187E-03  2.5096E-03  2.8169E-03  0.0000E+00  0.0000E+00  0.0000E+00  0.0000E+00  0.0000E+00
Ni58  5.3656E-03  5.7943E-03  5.8226E-03  5.2015E-03  9.2468E-04  1.2474E-03  2.0682E-03  2.7207E-03  4.3503E-03
Ni59  1.6627E-04  1.4624E-04  1.5513E-04  1.8453E-04  7.8164E-12  2.4563E-09  6.5743E-06  2.6259E-05  5.7551E-05
Ni60  1.6303E-03  1.4801E-03  1.7931E-03  2.4470E-03  3.6846E-04  4.9709E-04  8.2668E-04  1.1035E-03  1.7765E-03
Ni61  6.6642E-05  7.8684E-05  1.4046E-04  2.7226E-04  1.6284E-05  2.1969E-05  3.9162E-05  6.0606E-05  1.0434E-04
Ni62  8.7659E-05  1.5251E-04  3.4151E-04  7.8292E-04  5.2772E-05  7.1190E-05  1.1899E-04  1.6311E-04  2.6568E-04
Ni63  8.2933E-06  1.4416E-05  5.7524E-05  2.4833E-04  2.3752E-22  7.6253E-23  3.2106E-27  5.1259E-27  7.6308E-27
Ni64  1.9682E-05  2.9250E-05  9.3056E-05  3.1096E-04  1.3873E-05  1.8715E-05  3.1191E-05  4.1847E-05  6.7602E-05
Ni65  2.1922E-08  1.5037E-08  3.0404E-08  1.7337E-07  0.0000E+00  0.0000E+00  0.0000E+00  0.0000E+00  0.0000E+00
Cu57  1.0346E-59  1.1587E-59  5.8796E-60  6.5850E-60  0.0000E+00  0.0000E+00  0.0000E+00  0.0000E+00  0.0000E+00
Cu58  1.0042E-36  3.0806E-37  6.7156E-36  1.2720E-37  0.0000E+00  0.0000E+00  0.0000E+00  0.0000E+00  0.0000E+00
Cu59  1.5563E-19  7.2369E-19  5.7027E-20  1.3054E-21  0.0000E+00  0.0000E+00  0.0000E+00  0.0000E+00  0.0000E+00
Cu60  3.0130E-08  2.3810E-08  3.7241E-08  4.4926E-08  0.0000E+00  0.0000E+00  0.0000E+00  0.0000E+00  0.0000E+00
Cu61  3.4560E-05  2.7769E-05  2.9694E-05  3.3189E-05  0.0000E+00  0.0000E+00  0.0000E+00  0.0000E+00  0.0000E+00
Cu62  4.5137E-07  3.7567E-07  4.1161E-07  3.5795E-07  0.0000E+00  0.0000E+00  0.0000E+00  0.0000E+00  0.0000E+00
Cu63  9.1661E-06  1.5068E-05  3.5546E-05  6.1465E-05  9.5242E-06  1.2849E-05  2.1820E-05  3.1100E-05  5.1562E-05
Cu64  3.7031E-07  8.4604E-07  1.5883E-06  4.0067E-06  1.0724E-27  4.0764E-28  1.3998E-32  2.1256E-32  2.8919E-32
Cu65  7.5745E-06  1.4465E-05  4.7210E-05  1.2325E-04  4.3799E-06  5.9085E-06  1.0091E-05  1.4378E-05  2.3744E-05
Cu66  1.0767E-13  3.6904E-13  5.6084E-14  1.4211E-13  0.0000E+00  0.0000E+00  0.0000E+00  0.0000E+00  0.0000E+00
Zn60  2.5810E-24  1.8923E-24  3.6731E-22  2.0801E-22  0.0000E+00  0.0000E+00  0.0000E+00  0.0000E+00  0.0000E+00
Zn61  7.2034E-24  4.0786E-24  9.0178E-24  1.6074E-23  0.0000E+00  0.0000E+00  0.0000E+00  0.0000E+00  0.0000E+00
Zn62  6.2702E-04  5.3856E-04  5.6460E-04  5.4130E-04  0.0000E+00  0.0000E+00  0.0000E+00  0.0000E+00  0.0000E+00
Zn63  1.1903E-09  9.1478E-10  1.1363E-09  1.2166E-09  0.0000E+00  0.0000E+00  0.0000E+00  0.0000E+00  0.0000E+00
Zn64  1.7460E-05  2.0334E-05  3.5176E-05  5.9767E-05  1.5946E-05  2.1512E-05  3.5695E-05  4.7387E-05  7.5950E-05
Zn65  1.2340E-06  2.0143E-06  4.0347E-06  1.1660E-05  2.8216E-23  1.0267E-23  6.3875E-28  9.7886E-28  1.3535E-27
Zn66  1.5031E-05  2.5211E-05  5.5046E-05  1.5783E-04  9.4345E-06  1.2727E-05  2.1144E-05  2.8093E-05  4.5185E-05
Zn67  1.4473E-06  2.4522E-06  9.8082E-06  3.1342E-05  1.4074E-06  1.8987E-06  3.1824E-06  4.2912E-06  6.9613E-06
Zn68  7.1625E-06  1.1431E-05  4.0271E-05  1.3353E-04  6.5325E-06  8.8125E-06  1.4705E-05  1.9742E-05  3.1892E-05
Zn69  4.5761E-10  6.3740E-10  2.1054E-09  9.7045E-09  0.0000E+00  0.0000E+00  0.0000E+00  0.0000E+00  0.0000E+00
Zn70  2.1686E-07  3.5504E-07  7.0261E-07  3.3860E-06  2.2236E-07  2.9996E-07  4.9796E-07  6.5727E-07  1.0528E-06
Zn71  9.4125E-19  3.6313E-18  2.5191E-18  1.7581E-17  0.0000E+00  0.0000E+00  0.0000E+00  0.0000E+00  0.0000E+00
Ga62  1.0346E-59  1.1587E-59  5.8796E-60  6.5850E-60  0.0000E+00  0.0000E+00  0.0000E+00  0.0000E+00  0.0000E+00
Ga63  7.8494E-32  2.5083E-32  6.2310E-32  8.4252E-32  0.0000E+00  0.0000E+00  0.0000E+00  0.0000E+00  0.0000E+00
Ga64  2.3001E-26  2.9587E-26  2.6737E-26  1.3282E-24  0.0000E+00  0.0000E+00  0.0000E+00  0.0000E+00  0.0000E+00
Ga65  1.6210E-13  1.1511E-13  2.4944E-13  2.6741E-13  0.0000E+00  0.0000E+00  0.0000E+00  0.0000E+00  0.0000E+00
Ga66  6.6496E-06  5.1739E-06  5.2978E-06  4.6891E-06  0.0000E+00  0.0000E+00  0.0000E+00  0.0000E+00  0.0000E+00
Ga67  3.8386E-08  4.8451E-08  8.5860E-08  2.3064E-07  0.0000E+00  0.0000E+00  0.0000E+00  0.0000E+00  0.0000E+00
Ga68  6.7187E-11  1.6975E-10  4.6365E-10  1.2323E-09  0.0000E+00  0.0000E+00  0.0000E+00  0.0000E+00  0.0000E+00
Ga69  1.0209E-06  1.8424E-06  6.2391E-06  2.1427E-05  6.4173E-07  8.6573E-07  1.4588E-06  1.9978E-06  3.2567E-06
Ga70  7.2890E-13  8.5911E-13  3.1718E-12  6.9481E-12  0.0000E+00  0.0000E+00  0.0000E+00  0.0000E+00  0.0000E+00
Ga71  5.9809E-07  9.8242E-07  4.1669E-06  1.3925E-05  4.3824E-07  5.9119E-07  9.9084E-07  1.3513E-06  2.1972E-06
Ga72  1.5951E-08  1.7669E-08  5.6152E-08  5.0536E-07  0.0000E+00  0.0000E+00  0.0000E+00  0.0000E+00  0.0000E+00
Ge64  2.4367E-34  8.0411E-35  8.6619E-34  4.2680E-33  0.0000E+00  0.0000E+00  0.0000E+00  0.0000E+00  0.0000E+00
Ge65  1.1034E-35  1.6905E-35  1.1791E-35  1.9362E-34  0.0000E+00  0.0000E+00  0.0000E+00  0.0000E+00  0.0000E+00
Ge66  1.3059E-06  1.0156E-06  1.0579E-06  9.3310E-07  0.0000E+00  0.0000E+00  0.0000E+00  0.0000E+00  0.0000E+00
Ge67  6.9524E-15  4.6657E-15  1.0833E-14  9.3115E-15  0.0000E+00  0.0000E+00  0.0000E+00  0.0000E+00  0.0000E+00
Ge68  1.0436E-08  1.4816E-08  2.6541E-08  6.0160E-08  0.0000E+00  0.0000E+00  0.0000E+00  0.0000E+00  0.0000E+00
Ge69  1.1095E-09  2.7135E-09  5.7805E-09  1.6188E-08  0.0000E+00  0.0000E+00  0.0000E+00  0.0000E+00  0.0000E+00
Ge70  1.3585E-06  2.4631E-06  7.5697E-06  2.9878E-05  9.1952E-07  1.2405E-06  2.0736E-06  2.8160E-06  4.5667E-06
Ge71  4.9883E-08  1.6345E-07  6.3014E-07  3.8727E-06  1.2434E-27  4.7050E-28  1.6099E-32  2.4446E-32  3.3106E-32
Ge72  1.4247E-06  2.3100E-06  7.2794E-06  2.6940E-05  1.2499E-06  1.6861E-06  2.8002E-06  3.7180E-06  5.9707E-06
Ge73  3.2461E-07  4.7456E-07  1.9753E-06  8.5931E-06  3.5570E-07  4.7984E-07  7.9737E-07  1.0577E-06  1.6982E-06
Ge74  1.5642E-06  2.1938E-06  7.6240E-06  2.8135E-05  1.6923E-06  2.2829E-06  3.8084E-06  5.0940E-06  8.2135E-06
Ge75  2.0567E-10  4.7098E-10  1.6089E-09  8.9720E-09  0.0000E+00  0.0000E+00  0.0000E+00  0.0000E+00  0.0000E+00
Ge76  2.4039E-07  3.3954E-07  5.8464E-07  2.2857E-06  3.6455E-07  4.9181E-07  8.1631E-07  1.0772E-06  1.7252E-06
Ge77  1.8414E-09  5.3722E-10  1.0065E-09  1.6878E-08  0.0000E+00  0.0000E+00  0.0000E+00  0.0000E+00  0.0000E+00
As71  3.7869E-11  1.0107E-10  2.6191E-10  1.1751E-09  0.0000E+00  0.0000E+00  0.0000E+00  0.0000E+00  0.0000E+00
As72  7.0124E-11  1.8514E-10  5.3488E-10  1.8788E-09  0.0000E+00  0.0000E+00  0.0000E+00  0.0000E+00  0.0000E+00
As73  6.6020E-09  1.6970E-08  4.9335E-08  1.8826E-07  0.0000E+00  0.0000E+00  0.0000E+00  0.0000E+00  0.0000E+00
As74  1.5821E-09  4.0957E-09  1.3740E-08  4.7059E-08  0.0000E+00  0.0000E+00  0.0000E+00  0.0000E+00  0.0000E+00
As75  2.7333E-07  4.9744E-07  1.7006E-06  6.2168E-06  2.1116E-07  2.8486E-07  4.7265E-07  6.2731E-07  1.0071E-06
As76  5.2135E-09  1.7919E-08  5.8075E-08  4.3018E-07  0.0000E+00  0.0000E+00  0.0000E+00  0.0000E+00  0.0000E+00
As77  3.7467E-08  1.1328E-07  3.7172E-07  1.4361E-06  0.0000E+00  0.0000E+00  0.0000E+00  0.0000E+00  0.0000E+00
Se74  5.5823E-08  1.3138E-07  2.8896E-07  1.3955E-06  2.0332E-08  2.7429E-08  4.4709E-08  5.7495E-08  9.0699E-08
Se75  3.2817E-09  8.9750E-09  2.1470E-08  1.0895E-07  1.0032E-27  3.7798E-28  1.2991E-32  1.9719E-32  2.6572E-32
Se76  3.0450E-07  5.0207E-07  1.5436E-06  6.7496E-06  2.1985E-07  2.9658E-07  5.0274E-07  6.9055E-07  1.1286E-06
Se77  1.3844E-07  1.8611E-07  7.2441E-07  2.5158E-06  1.8138E-07  2.4468E-07  4.0525E-07  5.3980E-07  8.6780E-07
Se78  5.2474E-07  6.8814E-07  2.4621E-06  1.0392E-05  5.7238E-07  7.7218E-07  1.2933E-06  1.7529E-06  2.8427E-06
Se79  3.5274E-08  6.5423E-08  4.8231E-07  2.6957E-06  7.6198E-17  2.5810E-15  2.5959E-14  9.9942E-14  2.7056E-13
Se80  8.5639E-07  1.0381E-06  2.6789E-06  9.3930E-06  1.2252E-06  1.6529E-06  2.7370E-06  3.5964E-06  5.7527E-06
Se81  4.3835E-14  1.2758E-14  4.4940E-14  1.4059E-13  0.0000E+00  0.0000E+00  0.0000E+00  0.0000E+00  0.0000E+00
Se82  1.4439E-07  2.0060E-07  3.2843E-07  1.4194E-06  2.2100E-07  2.9813E-07  4.9564E-07  6.5687E-07  1.0544E-06
Se83  2.3147E-15  1.1735E-15  4.0325E-15  4.3252E-14  0.0000E+00  0.0000E+00  0.0000E+00  0.0000E+00  0.0000E+00
Br75  5.0235E-15  1.1387E-14  2.1355E-14  2.4547E-13  0.0000E+00  0.0000E+00  0.0000E+00  0.0000E+00  0.0000E+00
Br76  2.0531E-12  5.5293E-12  1.4318E-11  7.0151E-11  0.0000E+00  0.0000E+00  0.0000E+00  0.0000E+00  0.0000E+00
Br77  1.4489E-10  4.1384E-10  8.7336E-10  7.4795E-09  0.0000E+00  0.0000E+00  0.0000E+00  0.0000E+00  0.0000E+00
Br78  3.7740E-17  5.0246E-17  2.5071E-16  1.7018E-15  0.0000E+00  0.0000E+00  0.0000E+00  0.0000E+00  0.0000E+00
Br79  1.1483E-07  1.3615E-07  2.2928E-07  4.6798E-07  1.9594E-07  2.6430E-07  4.3107E-07  5.6240E-07  8.9462E-07
Br80  8.9250E-15  1.6078E-14  5.4806E-14  1.0478E-12  0.0000E+00  0.0000E+00  0.0000E+00  0.0000E+00  0.0000E+00
Br81  1.5084E-07  2.0008E-07  5.4981E-07  2.1588E-06  1.9543E-07  2.6363E-07  4.4033E-07  5.8458E-07  9.3876E-07
Br82  1.0876E-09  3.3139E-09  1.2070E-08  9.9895E-08  0.0000E+00  0.0000E+00  0.0000E+00  0.0000E+00  0.0000E+00
Br83  1.7439E-09  4.4269E-09  1.8105E-08  7.5049E-08  0.0000E+00  0.0000E+00  0.0000E+00  0.0000E+00  0.0000E+00
Kr78  6.1962E-09  1.0023E-08  1.8711E-08  9.5068E-08  7.0855E-09  9.5585E-09  1.5603E-08  2.0062E-08  3.1648E-08
Kr79  1.0327E-10  2.4659E-10  6.4166E-10  3.4748E-09  0.0000E+00  0.0000E+00  0.0000E+00  0.0000E+00  0.0000E+00
Kr80  4.9400E-08  7.8624E-08  2.0075E-07  6.9524E-07  4.6695E-08  6.3011E-08  1.1384E-07  1.6370E-07  2.7236E-07
Kr81  3.3386E-09  5.6408E-09  3.5577E-08  1.3373E-07  5.5348E-15  1.7592E-12  3.0374E-09  9.7072E-09  2.1022E-08
Kr82  1.9019E-07  2.3962E-07  6.9911E-07  2.8260E-06  2.3982E-07  3.2355E-07  5.5306E-07  7.8604E-07  1.3011E-06
Kr83  1.5933E-07  2.0968E-07  5.5116E-07  2.0518E-06  2.4047E-07  3.2440E-07  5.3382E-07  7.0693E-07  1.1311E-06
Kr84  7.6585E-07  9.5164E-07  2.1325E-06  5.6023E-06  1.1994E-06  1.6181E-06  2.6904E-06  3.5666E-06  5.7259E-06
Kr85  2.1545E-08  4.6227E-08  3.0071E-07  1.1628E-06  4.5541E-25  1.6905E-25  5.9278E-30  9.0319E-30  1.2267E-29
Kr86  2.7335E-07  3.7683E-07  9.6639E-07  2.6983E-06  3.7136E-07  5.0099E-07  8.3370E-07  1.1085E-06  1.7827E-06
Kr87  2.5083E-12  7.2774E-13  1.8785E-12  1.7182E-11  0.0000E+00  0.0000E+00  0.0000E+00  0.0000E+00  0.0000E+00
Rb79  1.0128E-18  1.3031E-18  4.1569E-18  6.8620E-17  0.0000E+00  0.0000E+00  0.0000E+00  0.0000E+00  0.0000E+00
Rb80  1.3495E-22  1.2939E-22  2.1783E-22  1.2149E-22  0.0000E+00  0.0000E+00  0.0000E+00  0.0000E+00  0.0000E+00
Rb81  1.3079E-13  3.4661E-13  6.3915E-13  1.2703E-11  0.0000E+00  0.0000E+00  0.0000E+00  0.0000E+00  0.0000E+00
Rb82  1.4476E-13  3.7006E-13  9.7875E-13  8.4212E-12  0.0000E+00  0.0000E+00  0.0000E+00  0.0000E+00  0.0000E+00
Rb83  1.5811E-10  3.5896E-10  1.0619E-09  5.5500E-09  0.0000E+00  0.0000E+00  0.0000E+00  0.0000E+00  0.0000E+00
Rb84  1.4093E-11  3.3574E-11  1.0031E-10  6.0270E-10  0.0000E+00  0.0000E+00  0.0000E+00  0.0000E+00  0.0000E+00
Rb85  1.7411E-07  2.1071E-07  3.7702E-07  6.8067E-07  2.8138E-07  3.7958E-07  6.3027E-07  8.3193E-07  1.3330E-06
Rb86  3.5010E-09  1.0805E-08  4.1044E-08  1.5527E-07  2.2504E-27  8.5229E-28  2.9137E-32  4.4235E-32  5.9749E-32
Rb87  1.1017E-07  1.7911E-07  4.6368E-07  1.2912E-06  1.1852E-07  1.5989E-07  2.6590E-07  3.5284E-07  5.6673E-07
Rb88  2.6973E-15  8.1410E-16  5.0269E-15  4.0665E-15  0.0000E+00  0.0000E+00  0.0000E+00  0.0000E+00  0.0000E+00
Sr84  6.4100E-09  1.0941E-08  1.6423E-08  9.7144E-08  4.9032E-09  6.6145E-09  1.0772E-08  1.3848E-08  2.1837E-08
Sr85  2.3463E-10  4.5163E-10  9.5348E-10  3.5573E-09  1.3702E-28  5.1633E-29  1.7742E-33  2.6931E-33  3.6286E-33
Sr86  7.5740E-08  1.0980E-07  2.8249E-07  5.9267E-07  8.8774E-08  1.1977E-07  2.1552E-07  3.3527E-07  5.7807E-07
Sr87  4.4707E-08  6.8206E-08  1.7411E-07  3.5921E-07  6.2772E-08  8.4678E-08  1.4335E-07  2.0801E-07  3.4605E-07
Sr88  5.5424E-07  7.7083E-07  1.6285E-06  3.1639E-06  7.6110E-07  1.0268E-06  1.7107E-06  2.2913E-06  3.6946E-06
Sr89  3.7777E-09  8.8617E-09  1.9646E-08  8.5404E-08  2.4942E-28  9.4354E-29  3.2295E-33  4.9036E-33  6.6330E-33
Sr90  1.5089E-09  2.2428E-09  7.8745E-09  4.0981E-08  0.0000E+00  0.0000E+00  0.0000E+00  0.0000E+00  0.0000E+00
Sr91  5.9565E-11  4.5111E-12  4.3874E-12  1.2324E-10  0.0000E+00  0.0000E+00  0.0000E+00  0.0000E+00  0.0000E+00
Y85   1.4108E-15  3.2620E-15  3.8621E-15  1.1623E-13  0.0000E+00  0.0000E+00  0.0000E+00  0.0000E+00  0.0000E+00
Y86   9.8938E-15  2.4506E-14  4.1981E-14  5.3121E-13  0.0000E+00  0.0000E+00  0.0000E+00  0.0000E+00  0.0000E+00
Y87   5.0995E-12  1.2176E-11  2.1386E-11  2.0406E-10  0.0000E+00  0.0000E+00  0.0000E+00  0.0000E+00  0.0000E+00
Y88   1.2435E-11  2.7420E-11  6.0308E-11  2.6798E-10  0.0000E+00  0.0000E+00  0.0000E+00  0.0000E+00  0.0000E+00
Y89   1.3470E-07  1.7229E-07  3.3077E-07  6.6094E-07  2.0369E-07  2.7478E-07  4.5763E-07  6.1041E-07  9.8289E-07
Y90   3.2970E-10  7.8652E-10  2.1342E-09  8.9928E-09  0.0000E+00  0.0000E+00  0.0000E+00  0.0000E+00  0.0000E+00
Y91   1.2593E-09  3.0412E-09  8.8048E-09  2.6192E-08  0.0000E+00  0.0000E+00  0.0000E+00  0.0000E+00  0.0000E+00
Zr90  1.5886E-07  1.9624E-07  3.2448E-07  5.6491E-07  2.4843E-07  3.3513E-07  5.5788E-07  7.4251E-07  1.1941E-06
Zr91  3.3826E-08  4.0786E-08  7.2688E-08  1.4544E-07  5.4777E-08  7.3897E-08  1.2312E-07  1.6425E-07  2.6453E-07
Zr92  5.3393E-08  6.5171E-08  1.1174E-07  2.0711E-07  8.4649E-08  1.1419E-07  1.9040E-07  2.5461E-07  4.1047E-07
Zr93  1.4421E-09  3.2741E-09  1.3521E-08  4.9777E-08  1.8686E-15  4.9745E-13  6.6768E-10  2.9953E-09  6.6180E-09
Zr94  5.2903E-08  6.2553E-08  9.8513E-08  1.6518E-07  8.7649E-08  1.1824E-07  1.9633E-07  2.6041E-07  4.1795E-07
Zr95  4.2276E-10  1.0092E-09  2.4989E-09  1.5246E-08  2.4804E-28  9.3780E-29  3.2117E-33  4.8762E-33  6.5896E-33
Zr96  8.4885E-10  1.0051E-09  4.5608E-09  3.3404E-08  2.2569E-10  3.0092E-10  4.5139E-10  6.0188E-10  9.0279E-10
Zr97  1.2594E-11  4.9847E-13  2.8618E-13  4.4820E-11  0.0000E+00  0.0000E+00  0.0000E+00  0.0000E+00  0.0000E+00
Nb91  3.2748E-11  6.4945E-11  1.3123E-10  3.2485E-10  0.0000E+00  0.0000E+00  0.0000E+00  0.0000E+00  0.0000E+00
Nb92  3.9652E-12  8.9448E-12  1.6954E-11  5.8687E-11  0.0000E+00  0.0000E+00  0.0000E+00  0.0000E+00  0.0000E+00
Nb93  2.0898E-08  2.3256E-08  2.9874E-08  3.5920E-08  3.7849E-08  5.1059E-08  8.3326E-08  1.0747E-07  1.6969E-07
Nb94  2.8087E-12  5.3341E-12  1.9373E-11  3.6176E-11  6.0504E-22  2.6490E-21  7.8415E-21  1.2953E-20  1.8642E-20
Nb95  7.5576E-11  9.3855E-11  5.8643E-10  1.7880E-09  1.3536E-28  5.1170E-29  1.7528E-33  2.6614E-33  3.5967E-33
Nb96  3.6558E-12  6.9722E-12  1.9178E-11  1.4332E-10  0.0000E+00  0.0000E+00  0.0000E+00  0.0000E+00  0.0000E+00
Nb97  1.2413E-12  4.5509E-13  1.4274E-12  7.5440E-12  0.0000E+00  0.0000E+00  0.0000E+00  0.0000E+00  0.0000E+00
Mo92  9.1864E-09  1.1358E-08  1.5914E-08  1.9664E-08  1.4304E-08  1.9297E-08  3.1822E-08  4.1396E-08  6.5818E-08
Mo93  5.5452E-11  1.2428E-10  2.5324E-10  3.8829E-10  3.4826E-23  1.6193E-20  4.3848E-19  5.3964E-17  3.6079E-15
Mo94  6.7268E-09  8.3441E-09  1.2193E-08  1.4703E-08  9.2079E-09  1.2423E-08  2.2006E-08  3.0374E-08  5.0193E-08
Mo95  9.2633E-09  1.0393E-08  1.4497E-08  1.7995E-08  1.6106E-08  2.1727E-08  3.6152E-08  4.8048E-08  7.7296E-08
Mo96  1.8562E-08  2.1402E-08  3.1406E-08  4.4136E-08  3.1327E-08  4.2267E-08  7.0594E-08  9.4615E-08  1.5275E-07
Mo97  5.9039E-09  6.7713E-09  1.0076E-08  1.5833E-08  9.9670E-09  1.3446E-08  2.2489E-08  3.0222E-08  4.8829E-08
Mo98  1.5171E-08  1.7744E-08  2.6257E-08  4.0467E-08  2.5586E-08  3.4519E-08  5.7806E-08  7.8352E-08  1.2708E-07
Xe132  5.0101E-08  5.8051E-08  8.2648E-08  1.1142E-07  8.5826E-08  1.1578E-07  1.9227E-07  2.5499E-07  4.0921E-07
Xe133  7.1734E-11  2.2090E-10  3.1842E-10  2.2796E-09  4.3624E-29  1.6559E-29  5.7660E-34  8.7535E-34  1.1828E-33
Xe134  1.8783E-08  2.1504E-08  2.8799E-08  3.7961E-08  3.2171E-08  4.3399E-08  7.2054E-08  9.5142E-08  1.5244E-07
Xe135  3.5360E-11  1.5339E-11  1.2133E-11  1.0303E-10  0.0000E+00  0.0000E+00  0.0000E+00  0.0000E+00  0.0000E+00
Cs133  1.2696E-08  1.4495E-08  1.9507E-08  2.4884E-08  2.2564E-08  3.0439E-08  4.9917E-08  6.5166E-08  1.0366E-07
Cs134  1.7112E-11  7.0044E-11  6.5900E-11  5.4053E-10  1.2791E-26  4.8775E-27  1.8085E-31  2.7471E-31  3.7096E-31
Cs135  2.0691E-10  3.8929E-10  8.1855E-10  2.5191E-09  2.9922E-16  8.3129E-14  4.7140E-11  1.3008E-10  3.2502E-10
Cs136  2.6385E-11  8.8890E-11  1.0987E-10  6.1040E-10  1.7868E-34  1.2453E-32  0.0000E+00  1.5601E-38  3.0017E-37
Cs137  1.9102E-10  2.6590E-10  7.0636E-10  4.0831E-09  0.0000E+00  0.0000E+00  0.0000E+00  0.0000E+00  0.0000E+00
Cs138  4.9553E-17  2.2351E-18  1.9918E-19  1.2157E-17  0.0000E+00  0.0000E+00  0.0000E+00  0.0000E+00  0.0000E+00
Ba134  5.1846E-09  6.5081E-09  1.0739E-08  1.4495E-08  6.9174E-09  9.3335E-09  1.6952E-08  2.5020E-08  4.2448E-08
Ba135  1.0492E-08  1.1814E-08  1.5804E-08  1.9932E-08  1.9007E-08  2.5640E-08  4.2056E-08  5.5343E-08  8.8374E-08
Ba136  1.4659E-08  1.8300E-08  2.9707E-08  4.3025E-08  2.2815E-08  3.0777E-08  5.2409E-08  7.3380E-08  1.2084E-07
Ba137  1.9340E-08  2.2941E-08  3.3640E-08  4.6599E-08  3.2867E-08  4.4338E-08  7.3698E-08  9.8384E-08  1.5837E-07
Ba138  1.2817E-07  1.5437E-07  2.3904E-07  3.5269E-07  2.1134E-07  2.8510E-07  4.7502E-07  6.3430E-07  1.0218E-06
Ba139  3.1312E-13  4.2576E-14  2.5809E-15  2.0320E-13  0.0000E+00  0.0000E+00  0.0000E+00  0.0000E+00  0.0000E+00
La138  1.3213E-11  1.5278E-11  2.0769E-11  2.4680E-11  2.2309E-11  3.0097E-11  5.0097E-11  6.6672E-11  1.0722E-10
La139  1.4910E-08  1.7887E-08  2.7730E-08  4.2373E-08  2.4670E-08  3.3283E-08  5.5422E-08  7.3867E-08  1.1887E-07
La140  6.4994E-12  5.9184E-13  9.8723E-14  8.5633E-11  0.0000E+00  0.0000E+00  0.0000E+00  0.0000E+00  0.0000E+00
Ce140  3.9424E-08  4.6092E-08  6.7223E-08  9.4926E-08  6.6435E-08  8.9622E-08  1.4922E-07  1.9876E-07  3.1976E-07
Ce141  6.2859E-11  6.9154E-11  9.4881E-12  1.3579E-09  2.9286E-29  1.1080E-29  3.7919E-34  5.7576E-34  7.7831E-34
Pr141  6.0617E-09  6.9380E-09  9.9952E-09  1.3573E-08  1.0442E-08  1.4086E-08  2.3307E-08  3.0640E-08  4.8969E-08
Pr142  7.7352E-12  5.8617E-12  3.5656E-12  2.3369E-10  0.0000E+00  0.0000E+00  0.0000E+00  0.0000E+00  0.0000E+00
Nd142  9.0266E-09  1.1187E-08  1.7076E-08  2.4843E-08  1.4254E-08  1.9229E-08  3.2202E-08  4.3384E-08  7.0213E-08
Nd143  3.5693E-09  4.0312E-09  5.3700E-09  7.1662E-09  6.3815E-09  8.6085E-09  1.4122E-08  1.8414E-08  2.9269E-08
Nd144  7.4315E-09  8.4889E-09  1.1686E-08  1.5285E-08  1.2683E-08  1.7109E-08  2.8535E-08  3.7839E-08  6.0790E-08
Hg202  7.4977E-09  8.7604E-09  1.2708E-08  1.7378E-08  1.2589E-08  1.6984E-08  2.8472E-08  3.8509E-08  6.2431E-08
Hg203  2.2201E-11  9.5002E-12  5.0794E-12  9.4901E-11  2.7216E-29  1.1725E-29  7.1868E-34  1.0913E-33  1.4764E-33
Hg204  1.6896E-09  1.8727E-09  2.4462E-09  2.9179E-09  2.9252E-09  3.9461E-09  6.5360E-09  8.5776E-09  1.3700E-08
Hg205  2.4413E-19  1.8309E-19  2.2095E-20  5.2271E-20  0.0000E+00  0.0000E+00  0.0000E+00  0.0000E+00  0.0000E+00
Tl203  3.9331E-09  4.6463E-09  6.8171E-09  1.0110E-08  6.7179E-09  9.0628E-09  1.5056E-08  2.0058E-08  3.2256E-08
Tl204  1.0892E-11  3.4029E-11  3.8799E-11  2.3805E-10  2.1327E-27  8.0090E-28  2.7667E-32  4.2059E-32  5.6961E-32
Tl205  9.3705E-09  1.0757E-08  1.4659E-08  1.7714E-08  1.6194E-08  2.1847E-08  3.6286E-08  4.8143E-08  7.7254E-08
Tl206  1.1483E-18  6.8598E-18  1.7337E-18  3.9308E-18  0.0000E+00  0.0000E+00  0.0000E+00  0.0000E+00  0.0000E+00
Pb204  2.1229E-09  2.7307E-09  4.4970E-09  6.6273E-09  3.2328E-09  4.3611E-09  7.4296E-09  1.0429E-08  1.7210E-08
Pb205  8.1327E-11  2.0883E-10  6.9577E-10  2.2139E-09  6.7556E-20  1.4245E-19  3.5271E-19  3.6640E-19  3.5297E-19
Pb206  1.8254E-08  2.1696E-08  3.2621E-08  4.4538E-08  3.0375E-08  4.0979E-08  6.8352E-08  9.1533E-08  1.4766E-07
Pb207  2.0000E-08  2.3417E-08  3.4186E-08  5.0597E-08  3.3777E-08  4.5566E-08  7.5876E-08  1.0111E-07  1.6271E-07
Pb208  5.7220E-08  6.6446E-08  9.5273E-08  1.3024E-07  9.7149E-08  1.3106E-07  2.1824E-07  2.9080E-07  4.6797E-07
Pb209  4.6222E-15  3.5534E-15  1.3366E-17  2.1383E-15  0.0000E+00  0.0000E+00  0.0000E+00  0.0000E+00  0.0000E+00
Bi208  1.8113E-10  3.3350E-10  4.4174E-10  5.2561E-10  0.0000E+00  0.0000E+00  0.0000E+00  0.0000E+00  0.0000E+00
Bi209  7.6645E-09  8.7967E-09  1.2119E-08  1.5559E-08  1.3174E-08  1.7772E-08  2.9573E-08  3.9311E-08  6.3189E-08
