#v=0 km/s  [Fe/H]=-3
Isotope 13MSun 15MSun 20MSun 25MSun 30MSun 40MSun 60MSun 80MSun 120MSun
H     6.2299E+00  6.9792E+00  8.7877E+00  1.0396E+01  1.5255E-02  2.4287E-02  4.3509E-02  7.5174E-02  2.5930E-01
H2    5.9895E-07  1.3630E-06  5.9452E-06  7.4404E-06  5.9709E-07  9.5057E-07  1.7029E-06  2.9424E-06  1.0149E-05
H3    1.2073E-28  3.1889E-28  4.9491E-19  6.0009E-17  0.0000E+00  0.0000E+00  0.0000E+00  0.0000E+00  0.0000E+00
He3   2.1307E-04  2.2187E-04  2.4144E-04  2.6175E-04  6.3273E-07  1.0073E-06  1.8046E-06  3.1179E-06  1.0755E-05
He4   4.4480E+00  4.6287E+00  6.6686E+00  8.0598E+00  4.8182E-03  7.6704E-03  1.3741E-02  2.3742E-02  8.1897E-02
Li6   2.7146E-12  6.1778E-12  2.6950E-11  3.3732E-11  2.7063E-12  4.3083E-12  7.7183E-12  1.3336E-11  4.5999E-11
Li7   3.8560E-11  8.7753E-11  3.8281E-10  4.8046E-10  3.8442E-11  6.1200E-11  1.0964E-10  1.8943E-10  6.5343E-10
Be7   4.6802E-15  2.6941E-13  2.0780E-12  3.9197E-12  0.0000E+00  0.0000E+00  0.0000E+00  0.0000E+00  0.0000E+00
Be9   3.2358E-15  7.3558E-15  3.2109E-14  4.0188E-14  3.2228E-15  5.1299E-15  9.1916E-15  1.5881E-14  5.4781E-14
Be10  1.1315E-59  1.3001E-59  1.7890E-59  2.2375E-59  0.0000E+00  0.0000E+00  0.0000E+00  0.0000E+00  0.0000E+00
B10   4.9483E-14  5.1798E-14  1.5106E-13  2.1432E-13  1.4888E-14  2.3699E-14  4.2461E-14  7.3365E-14  2.5306E-13
B11   3.4529E-12  3.8039E-12  4.5807E-12  5.2590E-12  6.5920E-14  1.0493E-13  1.8800E-13  3.2483E-13  1.1205E-12
C12   1.6522E-01  2.7240E-01  4.1468E-01  5.7206E-01  8.7889E-08  1.3992E-07  2.5066E-07  4.3310E-07  1.4939E-06
C13   9.2665E-07  1.0302E-06  1.3170E-06  1.6073E-06  1.0650E-09  1.6955E-09  3.0375E-09  5.2482E-09  1.8103E-08
C14   5.6931E-10  2.6323E-09  1.0129E-08  3.2946E-08  0.0000E+00  0.0000E+00  0.0000E+00  0.0000E+00  0.0000E+00
N13   7.2848E-12  5.9854E-12  1.6663E-13  7.4920E-12  0.0000E+00  0.0000E+00  0.0000E+00  0.0000E+00  0.0000E+00
N14   1.0171E-04  1.0460E-04  1.3598E-04  1.6779E-04  1.3955E-08  2.2216E-08  3.9799E-08  6.8764E-08  2.3720E-07
N15   1.5796E-07  2.8051E-07  1.9809E-08  4.7791E-08  3.4318E-11  5.4631E-11  9.7875E-11  1.6911E-10  5.8330E-10
N16   2.0815E-32  9.7514E-32  3.3451E-29  1.3543E-28  0.0000E+00  0.0000E+00  0.0000E+00  0.0000E+00  0.0000E+00
O15   1.5956E-14  1.5631E-14  3.8770E-14  5.3238E-14  0.0000E+00  0.0000E+00  0.0000E+00  0.0000E+00  0.0000E+00
O16   2.9046E-01  8.0963E-01  1.4191E+00  2.6144E+00  4.0990E-07  6.5255E-07  1.1691E-06  2.0198E-06  6.9673E-06
O17   1.2309E-06  1.3592E-06  1.3983E-06  9.4893E-07  1.6545E-10  2.6340E-10  4.7188E-10  8.1530E-10  2.8123E-09
O18   7.7730E-06  6.0466E-06  8.3475E-06  2.8251E-06  9.2447E-10  1.4718E-09  2.6366E-09  4.5554E-09  1.5714E-08
O19   3.7400E-27  4.8337E-26  1.3994E-20  3.2835E-20  0.0000E+00  0.0000E+00  0.0000E+00  0.0000E+00  0.0000E+00
F17   1.9056E-25  1.3630E-24  1.5628E-23  6.2864E-22  0.0000E+00  0.0000E+00  0.0000E+00  0.0000E+00  0.0000E+00
F18   2.0863E-09  1.8371E-09  2.4744E-09  6.4361E-09  0.0000E+00  0.0000E+00  0.0000E+00  0.0000E+00  0.0000E+00
F19   2.9793E-09  3.3888E-09  1.6097E-08  2.9111E-08  1.0194E-11  1.6229E-11  2.9073E-11  5.0232E-11  1.7327E-10
F20   3.5742E-28  1.6581E-28  6.1455E-20  4.9534E-20  0.0000E+00  0.0000E+00  0.0000E+00  0.0000E+00  0.0000E+00
Ne20  1.2730E-02  2.5460E-02  4.9120E-01  7.0352E-01  2.3380E-08  3.7222E-08  6.6676E-08  1.1521E-07  3.9741E-07
Ne21  1.0107E-06  2.9615E-06  8.4195E-05  1.5384E-04  5.8847E-11  9.3682E-11  1.6783E-10  2.8997E-10  1.0002E-09
Ne22  3.0246E-05  4.8204E-05  1.0086E-04  1.3671E-04  1.8910E-09  3.0104E-09  5.3932E-09  9.3183E-09  3.2142E-08
Ne23  1.0798E-19  1.2843E-19  2.4730E-16  2.2998E-16  0.0000E+00  0.0000E+00  0.0000E+00  0.0000E+00  0.0000E+00
Na21  1.5201E-16  1.2874E-15  1.6653E-14  2.4163E-14  0.0000E+00  0.0000E+00  0.0000E+00  0.0000E+00  0.0000E+00
Na22  1.7001E-07  4.4278E-07  6.5322E-06  1.1999E-05  0.0000E+00  0.0000E+00  0.0000E+00  0.0000E+00  0.0000E+00
Na23  4.0176E-05  7.2272E-05  2.6564E-03  3.2066E-03  5.9063E-10  9.4028E-10  1.6845E-09  2.9105E-09  1.0039E-08
Na24  6.5756E-11  1.1275E-10  2.5835E-07  3.6219E-07  0.0000E+00  0.0000E+00  0.0000E+00  0.0000E+00  0.0000E+00
Mg23  3.4427E-16  4.3603E-17  4.6803E-13  1.8408E-13  0.0000E+00  0.0000E+00  0.0000E+00  0.0000E+00  0.0000E+00
Mg24  1.3050E-02  1.8500E-02  9.5506E-02  1.1749E-01  1.9832E-08  3.1573E-08  5.6562E-08  9.7726E-08  3.3710E-07
Mg25  1.2333E-05  1.6014E-05  7.8370E-04  9.0234E-04  2.6153E-09  4.1635E-09  7.4589E-09  1.2887E-08  4.4455E-08
Mg26  1.2388E-05  1.1065E-05  1.3747E-03  1.3827E-03  2.9947E-09  4.7676E-09  8.5409E-09  1.4757E-08  5.0900E-08
Mg27  1.2409E-14  2.5373E-15  6.3311E-12  8.1788E-12  0.0000E+00  0.0000E+00  0.0000E+00  0.0000E+00  0.0000E+00
Al25  5.5731E-20  2.1169E-18  1.5873E-17  1.7795E-17  0.0000E+00  0.0000E+00  0.0000E+00  0.0000E+00  0.0000E+00
Al26  1.7353E-05  2.6311E-05  4.5423E-05  7.2356E-05  0.0000E+00  0.0000E+00  0.0000E+00  0.0000E+00  0.0000E+00
Alg6  7.1823E-08  6.0657E-08  3.9462E-08  3.9013E-08  0.0000E+00  0.0000E+00  0.0000E+00  0.0000E+00  0.0000E+00
Alm6  9.6967E-21  1.3233E-20  5.2199E-25  3.7838E-24  0.0000E+00  0.0000E+00  0.0000E+00  0.0000E+00  0.0000E+00
Al27  5.2998E-04  4.7596E-04  2.9283E-03  2.9779E-03  1.1245E-09  1.7901E-09  3.2070E-09  5.5410E-09  1.9113E-08
Al28  4.5231E-13  1.8206E-15  6.7836E-12  2.9312E-12  0.0000E+00  0.0000E+00  0.0000E+00  0.0000E+00  0.0000E+00
Si27  2.2598E-17  8.6329E-23  1.1522E-17  3.2391E-18  0.0000E+00  0.0000E+00  0.0000E+00  0.0000E+00  0.0000E+00
Si28  6.0951E-02  1.1026E-01  8.9752E-02  1.2695E-01  3.1741E-08  5.0532E-08  9.0522E-08  1.5640E-07  5.3952E-07
Si29  3.1293E-04  2.2483E-04  5.8242E-04  6.9551E-04  1.6693E-09  2.6575E-09  4.7608E-09  8.2256E-09  2.8373E-08
Si30  4.7762E-04  1.6213E-04  5.0954E-04  5.1638E-04  1.1383E-09  1.8122E-09  3.2466E-09  5.6094E-09  1.9349E-08
Si31  5.9162E-10  1.2499E-10  1.6256E-09  1.4899E-09  0.0000E+00  0.0000E+00  0.0000E+00  0.0000E+00  0.0000E+00
Si32  1.0183E-11  5.3132E-13  9.9603E-11  6.0285E-11  0.0000E+00  0.0000E+00  0.0000E+00  0.0000E+00  0.0000E+00
P29   5.6894E-22  6.0272E-22  9.5344E-20  6.2571E-20  0.0000E+00  0.0000E+00  0.0000E+00  0.0000E+00  0.0000E+00
P30   3.8643E-12  3.0312E-13  2.0287E-11  2.8177E-12  0.0000E+00  0.0000E+00  0.0000E+00  0.0000E+00  0.0000E+00
P31   1.7165E-04  1.1997E-04  2.2158E-04  2.6216E-04  1.1775E-10  1.8745E-10  3.3582E-10  5.8022E-10  2.0014E-09
P32   5.2080E-08  1.1809E-08  9.4761E-08  6.6416E-08  0.0000E+00  0.0000E+00  0.0000E+00  0.0000E+00  0.0000E+00
P33   4.0116E-08  9.4501E-09  2.3169E-08  2.2266E-08  0.0000E+00  0.0000E+00  0.0000E+00  0.0000E+00  0.0000E+00
P34   2.6770E-22  2.0605E-28  8.0626E-21  2.3834E-21  0.0000E+00  0.0000E+00  0.0000E+00  0.0000E+00  0.0000E+00
S31   3.7035E-21  7.0276E-30  5.3209E-23  3.0022E-24  0.0000E+00  0.0000E+00  0.0000E+00  0.0000E+00  0.0000E+00
S32   2.0204E-02  7.5985E-02  2.4624E-02  3.4476E-02  1.3248E-08  2.1090E-08  3.7782E-08  6.5280E-08  2.2518E-07
S33   1.2421E-04  3.0857E-04  1.5306E-04  2.1616E-04  1.0938E-10  1.7412E-10  3.1194E-10  5.3896E-10  1.8591E-09
S34   5.1620E-04  4.4307E-04  4.0102E-04  4.0463E-04  6.3610E-10  1.0126E-09  1.8142E-09  3.1345E-09  1.0812E-08
S35   2.1285E-08  6.3669E-09  1.1909E-08  1.3001E-08  0.0000E+00  0.0000E+00  0.0000E+00  0.0000E+00  0.0000E+00
S36   9.2242E-09  2.3952E-09  5.1598E-09  5.1331E-09  3.1399E-12  4.9988E-12  8.9551E-12  1.5473E-11  5.3371E-11
S37   1.5200E-21  4.1531E-21  6.2667E-20  6.9543E-20  0.0000E+00  0.0000E+00  0.0000E+00  0.0000E+00  0.0000E+00
Cl33  1.7569E-24  2.1813E-24  2.6474E-26  5.8109E-25  0.0000E+00  0.0000E+00  0.0000E+00  0.0000E+00  0.0000E+00
Cl34  4.6376E-26  4.0490E-29  2.2982E-27  2.5315E-28  0.0000E+00  0.0000E+00  0.0000E+00  0.0000E+00  0.0000E+00
Cl35  3.6474E-05  9.7957E-05  4.0398E-05  4.6641E-05  1.2394E-10  1.9731E-10  3.5347E-10  6.1074E-10  2.1066E-09
Cl36  1.2519E-07  1.0633E-07  8.3813E-08  8.8630E-08  0.0000E+00  0.0000E+00  0.0000E+00  0.0000E+00  0.0000E+00
Cl37  1.5215E-07  1.2385E-07  1.3368E-07  1.5744E-07  4.1875E-11  6.6666E-11  1.1943E-10  2.0635E-10  7.1180E-10
Cl38  4.0318E-15  1.4994E-15  9.0589E-15  2.7075E-14  0.0000E+00  0.0000E+00  0.0000E+00  0.0000E+00  0.0000E+00
Ar36  3.6322E-03  1.9322E-02  4.3198E-03  6.2177E-03  2.5307E-09  4.0288E-09  7.2172E-09  1.2470E-08  4.3013E-08
Ar37  8.2444E-06  7.6738E-05  1.0335E-05  1.3784E-05  0.0000E+00  0.0000E+00  0.0000E+00  0.0000E+00  0.0000E+00
Ar38  2.0090E-04  8.6417E-04  2.2726E-04  1.4299E-04  4.8568E-10  7.7321E-10  1.3852E-09  2.3933E-09  8.2553E-09
Ar39  7.0747E-10  9.6563E-10  9.0888E-10  1.1601E-09  0.0000E+00  0.0000E+00  0.0000E+00  0.0000E+00  0.0000E+00
Ar40  5.4969E-10  5.4132E-10  7.8004E-10  9.5781E-10  8.1769E-13  1.3017E-12  2.3320E-12  4.0293E-12  1.3899E-11
Ar41  2.5697E-16  2.2465E-16  5.7066E-15  1.5304E-14  0.0000E+00  0.0000E+00  0.0000E+00  0.0000E+00  0.0000E+00
K37   8.4694E-33  1.8884E-32  2.8340E-36  4.6683E-34  0.0000E+00  0.0000E+00  0.0000E+00  0.0000E+00  0.0000E+00
K38   3.0431E-13  1.2748E-13  1.6708E-12  4.8011E-13  0.0000E+00  0.0000E+00  0.0000E+00  0.0000E+00  0.0000E+00
K39   2.6936E-05  1.9784E-04  3.3141E-05  2.6143E-05  5.7511E-11  9.1556E-11  1.6402E-10  2.8340E-10  9.7753E-10
K40   5.0750E-09  1.7890E-08  4.7270E-09  5.6456E-09  9.3104E-14  1.4822E-13  2.6553E-13  4.5878E-13  1.5825E-12
K41   2.9426E-09  6.9285E-09  4.8548E-09  6.0762E-09  4.3632E-12  6.9461E-12  1.2444E-11  2.1501E-11  7.4162E-11
K42   2.2172E-13  3.4051E-13  5.3010E-12  1.2235E-11  0.0000E+00  0.0000E+00  0.0000E+00  0.0000E+00  0.0000E+00
Ca40  3.2309E-03  1.8593E-02  3.8072E-03  5.9844E-03  2.8065E-09  4.4679E-09  8.0039E-09  1.3830E-08  4.7703E-08
Ca41  1.9783E-06  3.8682E-05  2.4648E-06  2.9650E-06  0.0000E+00  0.0000E+00  0.0000E+00  0.0000E+00  0.0000E+00
Ca42  5.4615E-06  4.1036E-05  7.6593E-06  3.7491E-06  1.9667E-11  3.1310E-11  5.6091E-11  9.6913E-11  3.3429E-10
Ca43  5.7751E-08  7.8279E-08  4.5200E-08  7.8752E-08  4.2015E-12  6.6886E-12  1.1982E-11  2.0703E-11  7.1411E-11
Ca44  3.8063E-08  5.5623E-08  5.8526E-08  7.1414E-08  6.6429E-11  1.0575E-10  1.8945E-10  3.2734E-10  1.1291E-09
Ca45  5.6108E-12  1.1425E-11  9.6143E-11  1.5827E-10  0.0000E+00  0.0000E+00  0.0000E+00  0.0000E+00  0.0000E+00
Ca46  7.2477E-11  8.0776E-11  1.1879E-10  1.4970E-10  1.3317E-13  2.1201E-13  3.7980E-13  6.5622E-13  2.2635E-12
Ca47  1.1595E-15  4.0796E-15  5.1519E-14  1.0841E-13  0.0000E+00  0.0000E+00  0.0000E+00  0.0000E+00  0.0000E+00
Ca48  3.5261E-09  3.9245E-09  5.5500E-09  6.7774E-09  6.4963E-12  1.0342E-11  1.8528E-11  3.2012E-11  1.1042E-10
Ca49  5.7420E-19  5.2732E-19  1.4448E-18  2.1388E-18  0.0000E+00  0.0000E+00  0.0000E+00  0.0000E+00  0.0000E+00
Sc41  2.0163E-48  6.2468E-48  1.0461E-52  2.8492E-51  0.0000E+00  0.0000E+00  0.0000E+00  0.0000E+00  0.0000E+00
Sc42  2.4886E-43  1.8556E-43  7.7239E-44  5.8601E-45  0.0000E+00  0.0000E+00  0.0000E+00  0.0000E+00  0.0000E+00
Sc43  2.4659E-08  2.1919E-08  1.7867E-08  3.3557E-08  0.0000E+00  0.0000E+00  0.0000E+00  0.0000E+00  0.0000E+00
Sc44  2.8087E-10  4.0807E-09  2.9950E-10  2.8592E-10  0.0000E+00  0.0000E+00  0.0000E+00  0.0000E+00  0.0000E+00
Sc45  7.7455E-08  9.3127E-07  8.3879E-08  1.2607E-07  9.3929E-13  1.4954E-12  2.6789E-12  4.6285E-12  1.5966E-11
Sc46  1.2263E-11  2.4706E-11  6.1702E-11  1.4561E-10  0.0000E+00  0.0000E+00  0.0000E+00  0.0000E+00  0.0000E+00
Sc47  7.0705E-13  6.7458E-13  2.5064E-12  6.8331E-12  0.0000E+00  0.0000E+00  0.0000E+00  0.0000E+00  0.0000E+00
Sc48  5.1187E-12  1.5045E-11  1.5552E-11  3.0664E-11  0.0000E+00  0.0000E+00  0.0000E+00  0.0000E+00  0.0000E+00
Sc49  1.8649E-14  4.2380E-14  2.8630E-14  5.1322E-14  0.0000E+00  0.0000E+00  0.0000E+00  0.0000E+00  0.0000E+00
Ti44  1.9649E-05  3.1608E-05  1.8386E-05  3.7491E-05  0.0000E+00  0.0000E+00  0.0000E+00  0.0000E+00  0.0000E+00
Ti45  2.4322E-08  2.8821E-07  2.5864E-08  3.9700E-08  0.0000E+00  0.0000E+00  0.0000E+00  0.0000E+00  0.0000E+00
Ti46  3.6159E-06  2.5186E-05  5.6012E-06  2.3687E-06  9.9724E-12  1.5876E-11  2.8442E-11  4.9141E-11  1.6951E-10
Ti47  3.8173E-07  3.9534E-07  3.1156E-07  4.0160E-07  9.1888E-12  1.4629E-11  2.6207E-11  4.5280E-11  1.5619E-10
Ti48  5.5621E-08  7.3527E-08  8.2544E-08  9.6665E-08  9.2987E-11  1.4803E-10  2.6520E-10  4.5820E-10  1.5805E-09
Ti49  4.3414E-09  5.1294E-09  9.2657E-09  1.3040E-08  6.9660E-12  1.1090E-11  1.9867E-11  3.4326E-11  1.1840E-10
Ti50  3.7710E-09  4.2583E-09  6.7211E-09  8.8807E-09  6.8059E-12  1.0835E-11  1.9410E-11  3.3537E-11  1.1568E-10
Ti51  1.2422E-18  1.4982E-18  2.6231E-17  2.3572E-17  0.0000E+00  0.0000E+00  0.0000E+00  0.0000E+00  0.0000E+00
V45   7.4837E-51  5.0517E-55  1.0563E-50  7.4844E-51  0.0000E+00  0.0000E+00  0.0000E+00  0.0000E+00  0.0000E+00
V46   1.8876E-50  1.3001E-59  1.2939E-53  8.6475E-56  0.0000E+00  0.0000E+00  0.0000E+00  0.0000E+00  0.0000E+00
V47   8.7900E-11  7.2335E-11  7.2148E-11  1.0062E-10  0.0000E+00  0.0000E+00  0.0000E+00  0.0000E+00  0.0000E+00
V48   1.2853E-08  6.0505E-08  1.9342E-08  1.2518E-08  0.0000E+00  0.0000E+00  0.0000E+00  0.0000E+00  0.0000E+00
V49   1.4176E-06  2.6436E-06  1.9835E-06  1.1617E-06  0.0000E+00  0.0000E+00  0.0000E+00  0.0000E+00  0.0000E+00
V50   7.9943E-11  2.1647E-10  1.6840E-10  2.8738E-10  1.5722E-14  2.5029E-14  4.4838E-14  7.7471E-14  2.6723E-13
V51   3.8133E-09  4.7350E-09  6.1510E-09  7.6254E-09  6.3984E-12  1.0186E-11  1.8248E-11  3.1529E-11  1.0876E-10
V52   2.7661E-18  2.4045E-18  3.9288E-17  3.6984E-17  0.0000E+00  0.0000E+00  0.0000E+00  0.0000E+00  0.0000E+00
Cr48  5.5052E-05  7.8123E-05  5.7751E-05  7.6051E-05  0.0000E+00  0.0000E+00  0.0000E+00  0.0000E+00  0.0000E+00
Cr49  3.1288E-09  5.7587E-09  4.3185E-09  2.7017E-09  0.0000E+00  0.0000E+00  0.0000E+00  0.0000E+00  0.0000E+00
Cr50  8.4472E-06  3.3221E-05  1.4264E-05  3.7367E-06  1.4014E-11  2.2309E-11  3.9967E-11  6.9054E-11  2.3819E-10
Cr51  2.3142E-06  3.3844E-06  3.6148E-06  7.9512E-07  0.0000E+00  0.0000E+00  0.0000E+00  0.0000E+00  0.0000E+00
Cr52  9.7704E-07  1.4176E-06  1.6545E-06  7.0498E-07  2.8106E-10  4.4743E-10  8.0153E-10  1.3849E-09  4.7772E-09
Cr53  1.7361E-08  1.9442E-08  2.8246E-08  3.5222E-08  3.2481E-11  5.1708E-11  9.2636E-11  1.6006E-10  5.5210E-10
Cr54  5.2438E-09  6.1066E-09  1.0963E-08  1.5123E-08  8.2379E-12  1.3114E-11  2.3494E-11  4.0593E-11  1.4002E-10
Cr55  1.0062E-18  1.2549E-18  3.0730E-17  3.0956E-17  0.0000E+00  0.0000E+00  0.0000E+00  0.0000E+00  0.0000E+00
Mn50  1.2453E-59  1.3001E-59  1.7890E-59  2.2375E-59  0.0000E+00  0.0000E+00  0.0000E+00  0.0000E+00  0.0000E+00
Mn51  6.1630E-09  7.7695E-09  9.5726E-09  2.1018E-09  0.0000E+00  0.0000E+00  0.0000E+00  0.0000E+00  0.0000E+00
Mn52  1.0655E-04  1.7186E-04  1.3563E-04  8.8898E-05  0.0000E+00  0.0000E+00  0.0000E+00  0.0000E+00  0.0000E+00
Mn53  2.8273E-05  4.1327E-05  4.1111E-05  1.8117E-05  0.0000E+00  0.0000E+00  0.0000E+00  0.0000E+00  0.0000E+00
Mn54  1.4563E-09  2.6905E-09  2.7891E-09  5.7804E-10  0.0000E+00  0.0000E+00  0.0000E+00  0.0000E+00  0.0000E+00
Mn55  1.2845E-07  1.4664E-07  2.2592E-07  2.8944E-07  2.1875E-10  3.4826E-10  6.2386E-10  1.0779E-09  3.7183E-09
Mn56  5.5505E-12  1.7892E-11  3.1831E-11  6.1478E-11  0.0000E+00  0.0000E+00  0.0000E+00  0.0000E+00  0.0000E+00
Mn57  1.5855E-21  3.0049E-22  1.1615E-20  2.4296E-20  0.0000E+00  0.0000E+00  0.0000E+00  0.0000E+00  0.0000E+00
Fe52  3.1879E-04  5.1604E-04  4.0251E-04  2.6660E-04  0.0000E+00  0.0000E+00  0.0000E+00  0.0000E+00  0.0000E+00
Fe53  2.6242E-15  2.4709E-15  4.9726E-14  4.8899E-13  0.0000E+00  0.0000E+00  0.0000E+00  0.0000E+00  0.0000E+00
Fe54  4.9877E-04  8.0565E-04  8.2343E-04  1.7367E-04  1.4749E-09  2.3480E-09  4.2065E-09  7.2679E-09  2.5070E-08
Fe55  2.1198E-05  3.0385E-05  3.1426E-05  8.0848E-06  0.0000E+00  0.0000E+00  0.0000E+00  0.0000E+00  0.0000E+00
Fe56  1.8079E-05  2.4967E-05  3.1195E-05  2.7142E-05  2.4010E-08  3.8226E-08  6.8476E-08  1.1832E-07  4.0812E-07
Fe57  3.3748E-07  3.9759E-07  7.4890E-07  1.0648E-06  5.6441E-10  8.9854E-10  1.6097E-09  2.7812E-09  9.5935E-09
Fe58  5.3153E-08  6.5384E-08  1.8427E-07  2.9606E-07  7.6431E-11  1.2168E-10  2.1798E-10  3.7663E-10  1.2991E-09
Fe59  6.9706E-11  1.8319E-10  2.7534E-09  5.7734E-09  0.0000E+00  0.0000E+00  0.0000E+00  0.0000E+00  0.0000E+00
Fe60  1.6699E-12  4.1548E-12  1.0893E-10  2.3229E-10  0.0000E+00  0.0000E+00  0.0000E+00  0.0000E+00  0.0000E+00
Fe61  2.7509E-21  2.1472E-21  8.9645E-19  1.1126E-18  0.0000E+00  0.0000E+00  0.0000E+00  0.0000E+00  0.0000E+00
Co54  1.1315E-59  1.3001E-59  1.7890E-59  2.2375E-59  0.0000E+00  0.0000E+00  0.0000E+00  0.0000E+00  0.0000E+00
Co55  8.9644E-05  1.1041E-04  1.3246E-04  3.4540E-05  0.0000E+00  0.0000E+00  0.0000E+00  0.0000E+00  0.0000E+00
Co56  1.3618E-06  1.0449E-06  1.3296E-06  1.0888E-06  0.0000E+00  0.0000E+00  0.0000E+00  0.0000E+00  0.0000E+00
Co57  1.2643E-04  1.0479E-04  1.2613E-04  1.2519E-04  0.0000E+00  0.0000E+00  0.0000E+00  0.0000E+00  0.0000E+00
Co58  5.3415E-09  1.0977E-08  7.8289E-09  1.2513E-08  0.0000E+00  0.0000E+00  0.0000E+00  0.0000E+00  0.0000E+00
Co59  5.3027E-08  6.0766E-08  1.0592E-07  1.4315E-07  8.5200E-11  1.3564E-10  2.4299E-10  4.1984E-10  1.4482E-09
Co60  6.6295E-11  1.2313E-10  5.7381E-10  1.1525E-09  0.0000E+00  0.0000E+00  0.0000E+00  0.0000E+00  0.0000E+00
Co61  3.5176E-13  4.7796E-13  1.9007E-12  4.4883E-12  0.0000E+00  0.0000E+00  0.0000E+00  0.0000E+00  0.0000E+00
Ni56  7.0000E-02  7.0000E-02  7.0000E-02  7.0000E-02  0.0000E+00  0.0000E+00  0.0000E+00  0.0000E+00  0.0000E+00
Ni57  2.3920E-03  1.9792E-03  2.3443E-03  2.3874E-03  0.0000E+00  0.0000E+00  0.0000E+00  0.0000E+00  0.0000E+00
Ni58  4.1366E-03  4.3274E-03  4.2724E-03  4.0279E-03  9.6832E-10  1.5415E-09  2.7617E-09  4.7716E-09  1.6459E-08
Ni59  1.3752E-04  8.9430E-05  1.2591E-04  1.1503E-04  0.0000E+00  0.0000E+00  0.0000E+00  0.0000E+00  0.0000E+00
Ni60  1.5161E-03  1.4818E-03  1.4198E-03  1.7845E-03  3.8586E-10  6.1427E-10  1.1004E-09  1.9014E-09  6.5585E-09
Ni61  4.6386E-05  3.6221E-05  4.0385E-05  4.3623E-05  1.7052E-11  2.7147E-11  4.8634E-11  8.4029E-11  2.8985E-10
Ni62  1.3470E-05  1.0512E-05  1.5266E-05  9.9325E-06  5.5263E-11  8.7977E-11  1.5761E-10  2.7231E-10  9.3931E-10
Ni63  4.1229E-11  8.9916E-11  9.2272E-10  1.7786E-09  0.0000E+00  0.0000E+00  0.0000E+00  0.0000E+00  0.0000E+00
Ni64  7.9855E-09  8.9602E-09  1.3376E-08  1.6811E-08  1.4527E-11  2.3128E-11  4.1433E-11  7.1587E-11  2.4693E-10
Ni65  1.0092E-13  2.9224E-13  2.0299E-13  4.6242E-13  0.0000E+00  0.0000E+00  0.0000E+00  0.0000E+00  0.0000E+00
Cu57  1.1315E-59  1.3001E-59  1.7890E-59  2.2375E-59  0.0000E+00  0.0000E+00  0.0000E+00  0.0000E+00  0.0000E+00
Cu58  1.5604E-37  6.0215E-41  1.1209E-34  1.4142E-34  0.0000E+00  0.0000E+00  0.0000E+00  0.0000E+00  0.0000E+00
Cu59  8.2184E-19  4.9372E-18  1.7592E-18  1.0230E-18  0.0000E+00  0.0000E+00  0.0000E+00  0.0000E+00  0.0000E+00
Cu60  3.4289E-08  3.1874E-08  3.2726E-08  3.8288E-08  0.0000E+00  0.0000E+00  0.0000E+00  0.0000E+00  0.0000E+00
Cu61  3.6263E-05  2.8396E-05  3.1276E-05  3.4169E-05  0.0000E+00  0.0000E+00  0.0000E+00  0.0000E+00  0.0000E+00
Cu62  4.6143E-07  3.5895E-07  5.2735E-07  3.3632E-07  0.0000E+00  0.0000E+00  0.0000E+00  0.0000E+00  0.0000E+00
Cu63  8.7132E-07  1.9168E-05  9.5758E-07  9.1797E-06  9.9735E-12  1.5878E-11  2.8444E-11  4.9146E-11  1.6952E-10
Cu64  3.7620E-11  5.3432E-11  5.9487E-11  1.2836E-10  0.0000E+00  0.0000E+00  0.0000E+00  0.0000E+00  0.0000E+00
Cu65  2.7631E-09  3.1701E-09  5.1576E-09  6.9622E-09  4.5864E-12  7.3017E-12  1.3080E-11  2.2601E-11  7.7957E-11
Cu66  1.1056E-17  3.0734E-17  2.0059E-16  1.4942E-16  0.0000E+00  0.0000E+00  0.0000E+00  0.0000E+00  0.0000E+00
Zn60  2.5668E-19  9.7184E-20  5.0276E-20  9.8946E-21  0.0000E+00  0.0000E+00  0.0000E+00  0.0000E+00  0.0000E+00
Zn61  6.0395E-22  2.1524E-22  1.8832E-21  7.1294E-23  0.0000E+00  0.0000E+00  0.0000E+00  0.0000E+00  0.0000E+00
Zn62  6.3615E-04  5.0655E-04  6.2946E-04  4.8364E-04  0.0000E+00  0.0000E+00  0.0000E+00  0.0000E+00  0.0000E+00
Zn63  1.2512E-09  2.7634E-08  1.3797E-09  1.3216E-08  0.0000E+00  0.0000E+00  0.0000E+00  0.0000E+00  0.0000E+00
Zn64  8.2438E-06  5.9770E-05  8.7778E-06  5.1156E-05  1.6698E-11  2.6583E-11  4.7624E-11  8.2284E-11  2.8383E-10
Zn65  6.5949E-07  6.1784E-07  5.2511E-07  6.2785E-07  0.0000E+00  0.0000E+00  0.0000E+00  0.0000E+00  0.0000E+00
Zn66  2.8502E-06  2.0939E-06  2.6752E-06  1.6951E-06  9.8794E-12  1.5728E-11  2.8177E-11  4.8683E-11  1.6793E-10
Zn67  2.0570E-09  2.6713E-09  2.5782E-09  3.5522E-09  1.4738E-12  2.3463E-12  4.2034E-12  7.2625E-12  2.5051E-11
Zn68  3.7841E-09  4.6757E-09  6.2395E-09  8.4061E-09  6.8406E-12  1.0890E-11  1.9510E-11  3.3709E-11  1.1627E-10
Zn69  2.6330E-14  9.1724E-14  8.6137E-14  2.5009E-13  0.0000E+00  0.0000E+00  0.0000E+00  0.0000E+00  0.0000E+00
Zn70  1.2600E-10  1.4079E-10  1.9622E-10  2.4043E-10  2.3285E-13  3.7068E-13  6.6408E-13  1.1475E-12  3.9578E-12
Zn71  1.3074E-21  2.7946E-21  1.4454E-19  1.6671E-19  0.0000E+00  0.0000E+00  0.0000E+00  0.0000E+00  0.0000E+00
Ga62  1.1315E-59  1.3001E-59  1.7890E-59  2.2375E-59  0.0000E+00  0.0000E+00  0.0000E+00  0.0000E+00  0.0000E+00
Ga63  4.4641E-30  2.7351E-29  6.3546E-29  2.0018E-28  0.0000E+00  0.0000E+00  0.0000E+00  0.0000E+00  0.0000E+00
Ga64  1.1664E-21  2.0230E-22  3.0206E-22  2.2816E-23  0.0000E+00  0.0000E+00  0.0000E+00  0.0000E+00  0.0000E+00
Ga65  1.5650E-13  1.4396E-13  1.2229E-13  1.4180E-13  0.0000E+00  0.0000E+00  0.0000E+00  0.0000E+00  0.0000E+00
Ga66  7.2691E-06  5.3314E-06  6.8129E-06  4.2953E-06  0.0000E+00  0.0000E+00  0.0000E+00  0.0000E+00  0.0000E+00
Ga67  2.0801E-08  2.9187E-08  1.9256E-08  2.8489E-08  0.0000E+00  0.0000E+00  0.0000E+00  0.0000E+00  0.0000E+00
Ga68  1.6635E-12  1.2973E-10  1.8259E-12  1.5998E-10  0.0000E+00  0.0000E+00  0.0000E+00  0.0000E+00  0.0000E+00
Ga69  4.1769E-10  5.4099E-10  7.0044E-10  1.0145E-09  6.7201E-13  1.0698E-12  1.9165E-12  3.3114E-12  1.1422E-11
Ga70  4.5324E-15  1.2157E-14  1.6614E-14  1.6596E-14  0.0000E+00  0.0000E+00  0.0000E+00  0.0000E+00  0.0000E+00
Ga71  2.5632E-10  2.9089E-10  4.3733E-10  5.6373E-10  4.5891E-13  7.3058E-13  1.3088E-12  2.2614E-12  7.8005E-12
Ga72  2.2134E-13  5.5676E-13  1.3252E-12  3.5051E-12  0.0000E+00  0.0000E+00  0.0000E+00  0.0000E+00  0.0000E+00
Ge64  5.0278E-28  7.0870E-29  2.8917E-28  1.4396E-29  0.0000E+00  0.0000E+00  0.0000E+00  0.0000E+00  0.0000E+00
Ge65  6.9249E-36  5.4216E-36  9.7129E-38  1.1120E-37  0.0000E+00  0.0000E+00  0.0000E+00  0.0000E+00  0.0000E+00
Ge66  1.4284E-06  1.0474E-06  1.3402E-06  8.4379E-07  0.0000E+00  0.0000E+00  0.0000E+00  0.0000E+00  0.0000E+00
Ge67  8.8886E-15  1.0857E-14  6.2764E-15  7.5486E-15  0.0000E+00  0.0000E+00  0.0000E+00  0.0000E+00  0.0000E+00
Ge68  8.1583E-09  7.9504E-07  9.1689E-09  9.8236E-07  0.0000E+00  0.0000E+00  0.0000E+00  0.0000E+00  0.0000E+00
Ge69  6.5238E-12  4.6207E-10  7.7000E-12  7.9908E-10  0.0000E+00  0.0000E+00  0.0000E+00  0.0000E+00  0.0000E+00
Ge70  6.5455E-10  2.4818E-09  1.0693E-09  4.3194E-09  9.6292E-13  1.5329E-12  2.7462E-12  4.7449E-12  1.6367E-11
Ge71  5.9996E-12  2.0902E-11  2.0340E-11  5.3198E-11  0.0000E+00  0.0000E+00  0.0000E+00  0.0000E+00  0.0000E+00
Ge72  7.3142E-10  8.1138E-10  1.1504E-09  1.4367E-09  1.3088E-12  2.0837E-12  3.7328E-12  6.4495E-12  2.2247E-11
Ge73  2.0238E-10  2.2744E-10  3.3448E-10  4.2130E-10  3.7248E-13  5.9297E-13  1.0623E-12  1.8354E-12  6.3310E-12
Ge74  9.7744E-10  1.0991E-09  1.5867E-09  1.9838E-09  1.7721E-12  2.8211E-12  5.0541E-12  8.7323E-12  3.0121E-11
Ge75  2.1242E-14  6.9285E-14  9.9272E-14  2.4411E-13  0.0000E+00  0.0000E+00  0.0000E+00  0.0000E+00  0.0000E+00
Ge76  2.0659E-10  2.3089E-10  3.2156E-10  3.9355E-10  3.8176E-13  6.0775E-13  1.0888E-12  1.8812E-12  6.4890E-12
Ge77  2.9863E-14  6.2600E-14  2.8469E-14  8.0962E-14  0.0000E+00  0.0000E+00  0.0000E+00  0.0000E+00  0.0000E+00
As71  2.1491E-12  1.1740E-10  3.3406E-13  1.7703E-10  0.0000E+00  0.0000E+00  0.0000E+00  0.0000E+00  0.0000E+00
As72  1.1362E-12  2.5862E-12  4.6400E-13  1.2886E-12  0.0000E+00  0.0000E+00  0.0000E+00  0.0000E+00  0.0000E+00
As73  4.7025E-12  9.6546E-12  4.8115E-12  9.5299E-12  0.0000E+00  0.0000E+00  0.0000E+00  0.0000E+00  0.0000E+00
As74  8.3986E-13  1.5409E-12  6.2430E-13  1.1066E-12  0.0000E+00  0.0000E+00  0.0000E+00  0.0000E+00  0.0000E+00
As75  1.2494E-10  1.4262E-10  2.0029E-10  2.5452E-10  2.2113E-13  3.5204E-13  6.3066E-13  1.0897E-12  3.7587E-12
As76  7.6969E-13  1.7427E-12  2.4231E-12  5.4588E-12  0.0000E+00  0.0000E+00  0.0000E+00  0.0000E+00  0.0000E+00
As77  7.1780E-13  1.2415E-12  1.1083E-12  2.7488E-12  0.0000E+00  0.0000E+00  0.0000E+00  0.0000E+00  0.0000E+00
Se74  2.5689E-11  1.5485E-10  4.1803E-11  2.8675E-10  2.1292E-14  3.3896E-14  6.0723E-14  1.0492E-13  3.6191E-13
Se75  3.2118E-12  9.8192E-12  5.0921E-12  1.4063E-11  0.0000E+00  0.0000E+00  0.0000E+00  0.0000E+00  0.0000E+00
Se76  1.5643E-10  1.7773E-10  2.5493E-10  3.3395E-10  2.3022E-13  3.6649E-13  6.5660E-13  1.1345E-12  3.9132E-12
Se77  1.0239E-10  1.1581E-10  1.6638E-10  2.0888E-10  1.8994E-13  3.0237E-13  5.4170E-13  9.3593E-13  3.2284E-12
Se78  3.3883E-10  3.8384E-10  5.7183E-10  7.3462E-10  5.9939E-13  9.5422E-13  1.7095E-12  2.9536E-12  1.0188E-11
Se79  8.9103E-13  2.1511E-12  1.5555E-11  2.8417E-11  0.0000E+00  0.0000E+00  0.0000E+00  0.0000E+00  0.0000E+00
Se80  6.9004E-10  7.6973E-10  1.0624E-09  1.2952E-09  1.2831E-12  2.0426E-12  3.6593E-12  6.3225E-12  2.1809E-11
Se81  1.7362E-16  6.6984E-16  9.8162E-16  2.8864E-15  0.0000E+00  0.0000E+00  0.0000E+00  0.0000E+00  0.0000E+00
Se82  1.2640E-10  1.4204E-10  1.9957E-10  2.4658E-10  2.3143E-13  3.6844E-13  6.6002E-13  1.1404E-12  3.9336E-12
Se83  2.7822E-17  8.6065E-17  2.5923E-17  8.5726E-17  0.0000E+00  0.0000E+00  0.0000E+00  0.0000E+00  0.0000E+00
Br75  9.5733E-15  8.7005E-14  1.2690E-15  1.4451E-13  0.0000E+00  0.0000E+00  0.0000E+00  0.0000E+00  0.0000E+00
Br76  1.6418E-13  5.0710E-13  9.5093E-14  3.3425E-13  0.0000E+00  0.0000E+00  0.0000E+00  0.0000E+00  0.0000E+00
Br77  8.9649E-13  2.4511E-12  9.6956E-13  2.2283E-12  0.0000E+00  0.0000E+00  0.0000E+00  0.0000E+00  0.0000E+00
Br78  8.5858E-18  5.4481E-18  3.1407E-17  6.5263E-18  0.0000E+00  0.0000E+00  0.0000E+00  0.0000E+00  0.0000E+00
Br79  1.0520E-10  1.1856E-10  1.5281E-10  1.8608E-10  2.0518E-13  3.2664E-13  5.8518E-13  1.0111E-12  3.4874E-12
Br80  1.4510E-15  2.0973E-15  3.3707E-15  1.7714E-15  0.0000E+00  0.0000E+00  0.0000E+00  0.0000E+00  0.0000E+00
Br81  1.1645E-10  1.3345E-10  1.8348E-10  2.2703E-10  2.0465E-13  3.2581E-13  5.8364E-13  1.0084E-12  3.4785E-12
Br82  5.7768E-13  1.3586E-12  1.1784E-12  2.4173E-12  0.0000E+00  0.0000E+00  0.0000E+00  0.0000E+00  0.0000E+00
Br83  2.2340E-13  3.8673E-13  1.5836E-13  2.8735E-13  0.0000E+00  0.0000E+00  0.0000E+00  0.0000E+00  0.0000E+00
Kr78  5.4570E-12  1.4965E-11  9.2883E-12  2.7801E-11  7.4197E-15  1.1812E-14  2.1162E-14  3.6562E-14  1.2612E-13
Kr79  2.4325E-13  9.4805E-13  7.0102E-13  1.8548E-12  0.0000E+00  0.0000E+00  0.0000E+00  0.0000E+00  0.0000E+00
Kr80  4.3992E-11  5.7572E-11  7.8941E-11  1.1485E-10  4.8898E-14  7.7846E-14  1.3945E-13  2.4095E-13  8.3113E-13
Kr81  4.5772E-12  7.1574E-12  1.2588E-11  1.8499E-11  0.0000E+00  0.0000E+00  0.0000E+00  0.0000E+00  0.0000E+00
Kr82  1.5639E-10  1.8337E-10  2.8800E-10  3.8241E-10  2.5114E-13  3.9981E-13  7.1624E-13  1.2375E-12  4.2689E-12
Kr83  1.3144E-10  1.4885E-10  2.1527E-10  2.7643E-10  2.5182E-13  4.0090E-13  7.1818E-13  1.2409E-12  4.2803E-12
Kr84  6.8739E-10  7.7369E-10  1.1030E-09  1.3791E-09  1.2560E-12  1.9996E-12  3.5823E-12  6.1894E-12  2.1349E-11
Kr85  9.5326E-13  2.0165E-12  1.1230E-11  2.0323E-11  0.0000E+00  0.0000E+00  0.0000E+00  0.0000E+00  0.0000E+00
Kr86  2.1429E-10  2.4170E-10  3.4387E-10  4.2873E-10  3.8888E-13  6.1910E-13  1.1091E-12  1.9163E-12  6.6099E-12
Kr87  2.2899E-16  4.3882E-16  4.6545E-16  1.4180E-15  0.0000E+00  0.0000E+00  0.0000E+00  0.0000E+00  0.0000E+00
Rb79  1.0892E-17  6.6775E-18  3.4918E-19  5.4644E-19  0.0000E+00  0.0000E+00  0.0000E+00  0.0000E+00  0.0000E+00
Rb80  5.7493E-26  7.6111E-29  1.5258E-26  1.8487E-27  0.0000E+00  0.0000E+00  0.0000E+00  0.0000E+00  0.0000E+00
Rb81  2.4865E-14  7.3545E-14  1.8087E-14  5.9077E-14  0.0000E+00  0.0000E+00  0.0000E+00  0.0000E+00  0.0000E+00
Rb82  3.7080E-14  1.1438E-13  3.3432E-14  9.5286E-14  0.0000E+00  0.0000E+00  0.0000E+00  0.0000E+00  0.0000E+00
Rb83  6.5164E-13  2.5306E-12  1.7119E-12  3.8628E-12  0.0000E+00  0.0000E+00  0.0000E+00  0.0000E+00  0.0000E+00
Rb84  1.9403E-13  6.4462E-13  4.0154E-13  8.8956E-13  0.0000E+00  0.0000E+00  0.0000E+00  0.0000E+00  0.0000E+00
Rb85  1.6642E-10  1.8924E-10  2.5443E-10  3.1302E-10  2.9465E-13  4.6908E-13  8.4033E-13  1.4520E-12  5.0084E-12
Rb86  1.7537E-12  3.8805E-12  5.5043E-12  9.2247E-12  0.0000E+00  0.0000E+00  0.0000E+00  0.0000E+00  0.0000E+00
Rb87  7.0898E-11  7.9656E-11  1.1216E-10  1.4063E-10  1.2412E-13  1.9759E-13  3.5399E-13  6.1161E-13  2.1097E-12
Rb88  1.0424E-17  3.3906E-17  1.3901E-17  5.1081E-17  0.0000E+00  0.0000E+00  0.0000E+00  0.0000E+00  0.0000E+00
Sr84  5.5796E-12  1.5488E-11  1.0404E-11  1.9750E-11  5.1346E-15  8.1741E-15  1.4644E-14  2.5301E-14  8.7274E-14
Sr85  3.1181E-13  1.0462E-12  8.7644E-13  2.1962E-12  0.0000E+00  0.0000E+00  0.0000E+00  0.0000E+00  0.0000E+00
Sr86  7.2855E-11  9.2439E-11  1.5498E-10  2.2326E-10  9.2962E-14  1.4799E-13  2.6513E-13  4.5809E-13  1.5801E-12
Sr87  3.9748E-11  4.8528E-11  8.0241E-11  1.1512E-10  6.5723E-14  1.0463E-13  1.8744E-13  3.2385E-13  1.1171E-12
Sr88  4.4864E-10  5.0562E-10  7.3229E-10  9.3211E-10  7.9702E-13  1.2688E-12  2.2731E-12  3.9274E-12  1.3547E-11
Sr89  1.0628E-13  2.3523E-13  1.5136E-12  2.6853E-12  0.0000E+00  0.0000E+00  0.0000E+00  0.0000E+00  0.0000E+00
Sr90  7.2656E-15  1.4118E-14  7.7436E-14  1.5472E-13  0.0000E+00  0.0000E+00  0.0000E+00  0.0000E+00  0.0000E+00
Sr91  1.1866E-17  1.8262E-17  1.7422E-16  4.3569E-16  0.0000E+00  0.0000E+00  0.0000E+00  0.0000E+00  0.0000E+00
Y85   6.1946E-16  1.5586E-15  1.7112E-16  5.9772E-16  0.0000E+00  0.0000E+00  0.0000E+00  0.0000E+00  0.0000E+00
Y86   4.0701E-15  1.6015E-14  5.0560E-15  1.8619E-14  0.0000E+00  0.0000E+00  0.0000E+00  0.0000E+00  0.0000E+00
Y87   7.7135E-14  4.1220E-13  2.0875E-13  6.1785E-13  0.0000E+00  0.0000E+00  0.0000E+00  0.0000E+00  0.0000E+00
Y88   1.3840E-13  6.6863E-13  4.3748E-13  1.2125E-12  0.0000E+00  0.0000E+00  0.0000E+00  0.0000E+00  0.0000E+00
Y89   1.2160E-10  1.4097E-10  1.9727E-10  2.5493E-10  2.1329E-13  3.3956E-13  6.0832E-13  1.0511E-12  3.6253E-12
Y90   5.9761E-14  1.3438E-13  2.7320E-13  5.7591E-13  0.0000E+00  0.0000E+00  0.0000E+00  0.0000E+00  0.0000E+00
Y91   3.9853E-14  8.4219E-14  1.1837E-13  2.5481E-13  0.0000E+00  0.0000E+00  0.0000E+00  0.0000E+00  0.0000E+00
Zr90  1.5033E-10  1.9300E-10  2.4388E-10  3.1894E-10  2.6016E-13  4.1414E-13  7.4195E-13  1.2819E-12  4.4220E-12
Zr91  3.1547E-11  3.5717E-11  5.1686E-11  6.5173E-11  5.7361E-14  9.1319E-14  1.6360E-13  2.8266E-13  9.7501E-13
Zr92  4.9221E-11  5.6044E-11  7.9954E-11  1.0093E-10  8.8642E-14  1.4112E-13  2.5281E-13  4.3680E-13  1.5067E-12
Zr93  6.7657E-13  1.0691E-12  3.6014E-12  5.9844E-12  0.0000E+00  0.0000E+00  0.0000E+00  0.0000E+00  0.0000E+00
Zr94  4.9837E-11  5.5979E-11  7.8383E-11  9.6975E-11  9.1783E-14  1.4612E-13  2.6177E-13  4.5228E-13  1.5601E-12
Zr95  4.1634E-14  8.8306E-14  6.6103E-13  1.1132E-12  0.0000E+00  0.0000E+00  0.0000E+00  0.0000E+00  0.0000E+00
Zr96  2.5465E-14  5.3602E-14  2.9995E-13  4.8516E-13  1.5101E-14  2.4041E-14  4.3070E-14  7.4415E-14  2.5669E-13
Zr97  4.2556E-18  5.5873E-18  1.1671E-16  2.1895E-16  0.0000E+00  0.0000E+00  0.0000E+00  0.0000E+00  0.0000E+00
Nb91  8.7043E-14  3.4916E-13  2.0374E-13  4.5284E-13  0.0000E+00  0.0000E+00  0.0000E+00  0.0000E+00  0.0000E+00
Nb92  2.0227E-14  4.8187E-14  1.8243E-14  3.7663E-14  0.0000E+00  0.0000E+00  0.0000E+00  0.0000E+00  0.0000E+00
Nb93  2.0079E-11  2.2104E-11  2.8742E-11  3.4112E-11  3.9635E-14  6.3097E-14  1.1304E-13  1.9531E-13  6.7368E-13
Nb94  2.0370E-14  3.9767E-14  3.3475E-14  3.1247E-14  0.0000E+00  0.0000E+00  0.0000E+00  0.0000E+00  0.0000E+00
Nb95  2.3399E-14  4.0321E-14  1.1825E-13  1.6844E-13  0.0000E+00  0.0000E+00  0.0000E+00  0.0000E+00  0.0000E+00
Nb96  1.6127E-15  2.3264E-15  8.4841E-15  1.7186E-14  0.0000E+00  0.0000E+00  0.0000E+00  0.0000E+00  0.0000E+00
Nb97  1.9649E-16  2.3032E-16  1.6846E-16  4.1703E-16  0.0000E+00  0.0000E+00  0.0000E+00  0.0000E+00  0.0000E+00
Mo92  8.9663E-12  1.0698E-11  1.3762E-11  1.8025E-11  1.4979E-14  2.3847E-14  4.2721E-14  7.3813E-14  2.5461E-13
Mo93  6.9925E-14  1.5021E-13  2.1790E-13  3.9379E-13  0.0000E+00  0.0000E+00  0.0000E+00  0.0000E+00  0.0000E+00
Mo94  7.3690E-12  9.3116E-12  1.2779E-11  1.6563E-11  9.6423E-15  1.5351E-14  2.7500E-14  4.7515E-14  1.6390E-13
Mo95  9.2196E-12  1.0385E-11  1.4493E-11  1.7743E-11  1.6866E-14  2.6850E-14  4.8102E-14  8.3110E-14  2.8668E-13
Mo96  1.8589E-11  2.1686E-11  3.0272E-11  3.8387E-11  1.7941E-14  2.8562E-14  5.1168E-14  8.8407E-14  3.0495E-13
Mo97  5.8562E-12  6.6100E-12  9.6452E-12  1.2128E-11  1.0437E-14  1.6616E-14  2.9767E-14  5.1432E-14  1.7741E-13
Mo98  1.5052E-11  1.7206E-11  2.5196E-11  3.2226E-11  2.6794E-14  4.2655E-14  7.6417E-14  1.3203E-13  4.5543E-13
Xe132  4.9144E-11  5.5562E-11  7.7798E-11  9.6929E-11  8.9874E-14  1.4308E-13  2.5633E-13  4.4287E-13  1.5277E-12
Xe133  4.6072E-14  1.0679E-13  3.6825E-13  7.4673E-13  0.0000E+00  0.0000E+00  0.0000E+00  0.0000E+00  0.0000E+00
Xe134  1.8344E-11  2.0620E-11  2.8604E-11  3.5169E-11  3.3688E-14  5.3630E-14  9.6081E-14  1.6600E-13  5.7262E-13
Xe135  4.3930E-15  8.6046E-15  7.4174E-15  1.8059E-14  0.0000E+00  0.0000E+00  0.0000E+00  0.0000E+00  0.0000E+00
Cs133  1.2208E-11  1.3608E-11  1.8445E-11  2.2414E-11  2.3628E-14  3.7618E-14  6.7391E-14  1.1644E-13  4.0162E-13
Cs134  1.3481E-14  3.7518E-14  1.4351E-13  2.8083E-13  0.0000E+00  0.0000E+00  0.0000E+00  0.0000E+00  0.0000E+00
Cs135  1.0025E-13  1.5390E-13  4.7875E-13  8.3329E-13  0.0000E+00  0.0000E+00  0.0000E+00  0.0000E+00  0.0000E+00
Cs136  3.5756E-15  6.9257E-15  5.1647E-14  1.0468E-13  0.0000E+00  0.0000E+00  0.0000E+00  0.0000E+00  0.0000E+00
Cs137  2.5299E-15  4.2222E-15  2.3913E-14  5.3852E-14  0.0000E+00  0.0000E+00  0.0000E+00  0.0000E+00  0.0000E+00
Cs138  5.9435E-23  2.5758E-23  1.7780E-22  4.8199E-22  0.0000E+00  0.0000E+00  0.0000E+00  0.0000E+00  0.0000E+00
Ba134  5.5802E-12  6.8418E-12  1.0706E-11  1.4113E-11  7.2438E-15  1.1532E-14  2.0659E-14  3.5696E-14  1.2313E-13
Ba135  1.0139E-11  1.1302E-11  1.5454E-11  1.8857E-11  1.9904E-14  3.1687E-14  5.6767E-14  9.8080E-14  3.3832E-13
Ba136  1.4565E-11  1.7419E-11  2.7164E-11  3.6837E-11  2.3891E-14  3.8034E-14  6.8133E-14  1.1772E-13  4.0608E-13
Ba137  1.8732E-11  2.1060E-11  3.0542E-11  3.8552E-11  3.4416E-14  5.4791E-14  9.8155E-14  1.6960E-13  5.8500E-13
Ba138  1.2212E-10  1.3834E-10  1.9836E-10  2.4933E-10  2.2129E-13  3.5229E-13  6.3112E-13  1.0904E-12  3.7615E-12
Ba139  1.4090E-17  1.8885E-17  1.2381E-17  2.0618E-17  0.0000E+00  0.0000E+00  0.0000E+00  0.0000E+00  0.0000E+00
La138  1.2945E-14  1.4747E-14  1.9634E-14  2.4138E-14  2.3361E-17  3.7193E-17  6.6631E-17  1.1512E-16  3.9709E-16
La139  1.4250E-11  1.6159E-11  2.3073E-11  2.8926E-11  2.5835E-14  4.1129E-14  7.3681E-14  1.2731E-13  4.3912E-13
La140  1.4063E-16  2.1799E-16  4.2521E-16  7.8957E-16  0.0000E+00  0.0000E+00  0.0000E+00  0.0000E+00  0.0000E+00
Ce140  3.8382E-11  4.3519E-11  6.1640E-11  7.7061E-11  6.9570E-14  1.1075E-13  1.9841E-13  3.4282E-13  1.1825E-12
Ce141  4.8415E-15  1.0186E-14  3.7798E-14  5.2302E-14  0.0000E+00  0.0000E+00  0.0000E+00  0.0000E+00  0.0000E+00
Pr141  5.8888E-12  6.6666E-12  9.1052E-12  1.1245E-11  1.0935E-14  1.7408E-14  3.1186E-14  5.3883E-14  1.8586E-13
Pr142  9.3102E-16  1.6165E-15  2.0033E-14  3.0072E-14  0.0000E+00  0.0000E+00  0.0000E+00  0.0000E+00  0.0000E+00
Nd142  8.8895E-12  1.0842E-11  1.5010E-11  1.9755E-11  1.4926E-14  2.3762E-14  4.2570E-14  7.3552E-14  2.5370E-13
Nd143  3.4292E-12  3.7949E-12  5.1450E-12  6.2330E-12  6.6825E-15  1.0638E-14  1.9059E-14  3.2929E-14  1.1358E-13
Nd144  7.3414E-12  8.2378E-12  1.1533E-11  1.4160E-11  1.3281E-14  2.1143E-14  3.7878E-14  6.5444E-14  2.2574E-13
Hg202  7.4241E-12  8.4312E-12  1.2310E-11  1.5552E-11  1.3184E-14  2.0988E-14  3.7600E-14  6.4964E-14  2.2409E-13
Hg203  4.6866E-15  9.3823E-15  2.2893E-14  5.1876E-14  0.0000E+00  0.0000E+00  0.0000E+00  0.0000E+00  0.0000E+00
Hg204  1.6464E-12  1.8333E-12  2.5037E-12  3.0304E-12  3.0633E-15  4.8766E-15  8.7363E-15  1.5095E-14  5.2068E-14
Hg205  2.3068E-21  2.2826E-21  1.0555E-20  9.5638E-21  0.0000E+00  0.0000E+00  0.0000E+00  0.0000E+00  0.0000E+00
Tl203  3.8204E-12  4.3078E-12  6.4128E-12  8.1646E-12  7.0350E-15  1.1199E-14  2.0063E-14  3.4666E-14  1.1957E-13
Tl204  6.0466E-15  1.5550E-14  4.5825E-14  1.0136E-13  0.0000E+00  0.0000E+00  0.0000E+00  0.0000E+00  0.0000E+00
Tl205  9.2120E-12  1.0303E-11  1.4451E-11  1.7741E-11  1.6958E-14  2.6998E-14  4.8366E-14  8.3565E-14  2.8825E-13
Tl206  4.2106E-21  7.6736E-21  4.3089E-20  4.6013E-20  0.0000E+00  0.0000E+00  0.0000E+00  0.0000E+00  0.0000E+00
Pb204  2.0805E-12  2.5288E-12  3.8414E-12  5.1791E-12  3.3854E-15  5.3893E-15  9.6550E-15  1.6682E-14  5.7542E-14
Pb205  1.9930E-14  4.6389E-14  2.4574E-13  4.6335E-13  0.0000E+00  0.0000E+00  0.0000E+00  0.0000E+00  0.0000E+00
Pb206  1.7650E-11  2.0093E-11  2.8733E-11  3.6260E-11  3.1809E-14  5.0640E-14  9.0717E-14  1.5675E-13  5.4066E-13
Pb207  1.9359E-11  2.1742E-11  3.1156E-11  3.8782E-11  3.5371E-14  5.6310E-14  1.0088E-13  1.7429E-13  6.0121E-13
Pb208  5.5795E-11  6.2846E-11  8.9565E-11  1.1163E-10  1.0173E-13  1.6196E-13  2.9014E-13  5.0130E-13  1.7292E-12
Pb209  1.8203E-19  2.3030E-19  5.8527E-20  9.7038E-20  0.0000E+00  0.0000E+00  0.0000E+00  0.0000E+00  0.0000E+00
Bi208  1.9753E-13  4.4026E-13  3.4310E-13  6.0546E-13  0.0000E+00  0.0000E+00  0.0000E+00  0.0000E+00  0.0000E+00
Bi209  7.5343E-12  8.4604E-12  1.1997E-11  1.4867E-11  1.3795E-14  2.1962E-14  3.9345E-14  6.7979E-14  2.3449E-13
