Isotope      A            Z            YIELD [M<sub><font face='Wingdings'>&#164;</font></sub>]Isotope      A            Z            YIELD [M<sub><font face='Wingdings'>&#164;</font></sub>]Isotope      A            Z            YIELD [M<sub><font face='Wingdings'>&#164;</font></sub>]Isotope      A            Z            YIELD [M<sub><font face='Wingdings'>&#164;</font></sub>]
H            1            1            4.67320E-01  
He4          4            2            1.84950E-01  
C12          12           6            3.37500E-03  
C13          13           6            1.15240E-06  
C14          14           6            1.24670E-10  
N14          14           7            3.70850E-05  
N15          15           7            3.20920E-08  
O16          16           8            3.90740E-04  
O17          17           8            7.91450E-07  
O18          18           8            1.44820E-07  
F18          18           9            0.00000E+00  
F19          19           9            2.94540E-07  
Ne20         20           10           4.82380E-05  
Ne21         21           10           1.01070E-07  
Ne22         22           10           1.34030E-04  
Na22         22           11           0.00000E+00  
Na23         23           11           1.46730E-06  
Na24         24           11           0.00000E+00  
Mg24         24           12           2.63200E-05  
Mg25         25           12           1.52230E-06  
Mg26         26           12           1.75900E-06  
Al26         26           13           1.12550E-08  
Al27         27           13           1.05550E-06  
Si28         28           14           3.13950E-05  
Si29         29           14           5.40990E-07  
Si30         30           14           3.94650E-07  
Si31         31           14           0.00000E+00  
Si32         32           14           0.00000E+00  
P31          31           15           1.71420E-07  
P32          32           15           0.00000E+00  
P33          33           15           0.00000E+00  
S32          32           16           1.64180E-05  
S33          33           16           4.81800E-08  
S34          34           16           2.66770E-07  
S35          35           16           0.00000E+00  
S36          36           16           2.93230E-09  
Cl35         35           17           5.30640E-08  
Cl36         36           17           1.48950E-11  
Cl37         37           17           2.81950E-08  
Ar36         36           18           3.74270E-06  
Ar37         37           18           0.00000E+00  
Ar38         38           18           2.40650E-07  
Ar39         39           18           2.86420E-13  
Ar40         40           18           2.89840E-09  
Ar41         41           18           0.00000E+00  
Ar42         42           18           0.00000E+00  
K39          39           19           5.23850E-08  
K40          40           19           3.70180E-10  
K41          41           19           5.13050E-09  
K42          42           19           0.00000E+00  
K43          43           19           0.00000E+00  
Ca40         40           20           2.80990E-06  
Ca41         41           20           6.52290E-11  
Ca42         42           20           7.78090E-09  
Ca43         43           20           1.68440E-09  
Ca44         44           20           2.34090E-08  
Ca45         45           20           0.00000E+00  
Ca46         46           20           3.94130E-10  
Ca47         47           20           0.00000E+00  
Ca48         48           20           2.06830E-09  
Sc45         45           21           9.59990E-10  
Sc46         46           21           0.00000E+00  
Sc47         47           21           0.00000E+00  
Sc48         48           21           0.00000E+00  
Sc49         49           21           0.00000E+00  
Ti46         46           22           4.12750E-09  
Ti47         47           22           3.42000E-09  
Ti48         48           22           3.25610E-08  
Ti49         49           22           3.19230E-09  
Ti50         50           22           8.15760E-09  
V50          50           23           1.35850E-11  
V51          51           23           5.82230E-09  
Cr50         50           24           1.08040E-08  
Cr51         51           24           0.00000E+00  
Cr52         52           24           2.19640E-07  
Cr53         53           24           2.53560E-08  
Cr54         54           24           7.92230E-09  
Mn55         55           25           1.92680E-07  
Mn56         56           25           0.00000E+00  
Fe54         54           26           1.03910E-06  
Fe55         55           26           0.00000E+00  
Fe56         56           26           1.70080E-05  
Fe57         57           26           4.25410E-07  
Fe58         58           26           8.74670E-08  
Fe59         59           26           0.00000E+00  
Fe60         60           26           4.26380E-09  
Co59         59           27           5.97130E-08  
Co60         60           27           0.00000E+00  
Ni58         58           28           7.14270E-07  
Ni59         59           28           1.58300E-10  
Ni60         60           28           2.94480E-07  
Ni61         61           28           1.63090E-08  
Ni62         62           28           4.82840E-08  
Ni63         63           28           0.00000E+00  
Ni64         64           28           2.59890E-08  
Ni65         65           28           0.00000E+00  
Ni66         66           28           0.00000E+00  
Cu63         63           29           1.34670E-08  
Cu64         64           29           0.00000E+00  
Cu65         65           29           9.03700E-09  
Cu66         66           29           0.00000E+00  
Cu67         67           29           0.00000E+00  
Zn64         64           30           1.59630E-08  
Zn65         65           30           0.00000E+00  
Zn66         66           30           1.28780E-08  
Zn67         67           30           2.21180E-09  
Zn68         68           30           1.11170E-08  
Zn69         69           30           0.00000E+00  
Zn70         70           30           2.15420E-10  
Ga69         69           31           1.32710E-09  
Ga70         70           31           0.00000E+00  
Ga71         71           31           1.15470E-09  
Ga72         72           31           0.00000E+00  
Ga73         73           31           0.00000E+00  
Ge70         70           32           1.97980E-09  
Ge71         71           32           0.00000E+00  
Ge72         72           32           2.45370E-09  
Ge73         73           32           7.11260E-10  
Ge74         74           32           4.07110E-09  
Ge75         75           32           0.00000E+00  
Ge76         76           32           2.73310E-10  
Ge77         77           32           0.00000E+00  
As75         75           33           4.62350E-10  
As76         76           33           0.00000E+00  
As77         77           33           0.00000E+00  
Se76         76           34           8.49370E-10  
Se77         77           34           4.15690E-10  
Se78         78           34           2.30390E-09  
Se79         79           34           1.35280E-10  
Se80         80           34           3.02970E-09  
Se81         81           34           0.00000E+00  
Se82         82           34           1.81280E-10  
Br79         79           35           4.22210E-10  
Br80         80           35           0.00000E+00  
Br81         81           35           5.43380E-10  
Br82         82           35           0.00000E+00  
Br83         83           35           0.00000E+00  
Br84         84           35           0.00000E+00  
Kr80         80           36           7.61390E-11  
Kr81         81           36           5.43720E-12  
Kr82         82           36           1.36830E-09  
Kr83         83           36           6.40720E-10  
Kr84         84           36           3.77880E-09  
Kr85         85           36           0.00000E+00  
Kr86         86           36           2.82750E-09  
Kr87         87           36           0.00000E+00  
Kr88         88           36           0.00000E+00  
Rb85         85           37           8.27930E-10  
Rb86         86           37           0.00000E+00  
Rb87         87           37           1.06050E-09  
Rb88         88           37           0.00000E+00  
Sr86         86           38           9.87500E-10  
Sr87         87           38           6.72220E-10  
Sr88         88           38           1.43610E-08  
Sr89         89           38           0.00000E+00  
Sr90         90           38           0.00000E+00  
Sr91         91           38           0.00000E+00  
Sr92         92           38           0.00000E+00  
Y89          89           39           3.46570E-09  
Y90          90           39           0.00000E+00  
Y91          91           39           0.00000E+00  
Y92          92           39           0.00000E+00  
Y93          93           39           0.00000E+00  
Zr90         90           40           3.61370E-09  
Zr91         91           40           9.84000E-10  
Zr92         92           40           1.54900E-09  
Zr93         93           40           4.43070E-10  
Zr94         94           40           2.18270E-09  
Zr95         95           40           0.00000E+00  
Zr96         96           40           8.54240E-10  
Zr97         97           40           0.00000E+00  
Nb93         93           41           1.45090E-10  
Nb94         94           41           0.00000E+00  
Nb95         95           41           0.00000E+00  
Nb96         96           41           0.00000E+00  
Nb97         97           41           0.00000E+00  
Mo92         92           42           1.44940E-11  
Mo93         93           42           0.00000E+00  
Mo94         94           42           1.60120E-11  
Mo95         95           42           2.74940E-10  
Mo96         96           42           4.84750E-10  
Mo97         97           42           1.88960E-10  
Mo98         98           42           6.47030E-10  
Mo99         99           42           0.00000E+00  
Mo00         100          42           4.30690E-11  
Tc97         97           43           0.00000E+00  
Tc98         98           43           0.00000E+00  
Tc99         99           43           2.08000E-11  
Ru96         96           44           3.63640E-12  
Ru97         97           44           0.00000E+00  
Ru98         98           44           1.25600E-12  
Ru99         99           44           7.28540E-11  
Ru00         100          44           2.99150E-10  
Ru01         101          44           7.73140E-11  
Ru02         102          44           4.22040E-10  
Ru03         103          44           0.00000E+00  
Ru04         104          44           4.45320E-11  
Ru05         105          44           0.00000E+00  
Ru06         106          44           0.00000E+00  
Rh03         103          45           8.67340E-11  
Rh05         105          45           0.00000E+00  
Pd04         104          46           2.07960E-10  
Pd05         105          46           6.85060E-11  
Pd06         106          46           2.62030E-10  
Pd07         107          46           4.59590E-11  
Pd08         108          46           3.23670E-10  
Pd09         109          46           0.00000E+00  
Pd10         110          46           3.63850E-11  
Ag07         107          47           1.28040E-11  
Ag09         109          47           9.91600E-11  
Ag11         111          47           0.00000E+00  
Cd08         108          48           7.86440E-13  
Cd09         109          48           0.00000E+00  
Cd10         110          48           2.55110E-10  
Cd11         111          48           9.58010E-11  
Cd12         112          48           3.43210E-10  
Cd13         113          48           1.03970E-10  
Cd14         114          48           4.89880E-10  
Cd15         115          48           0.00000E+00  
Cd16         116          48           6.06710E-11  
In13         113          49           3.31350E-13  
In15         115          49           1.02560E-10  
Sn14         114          50           1.05510E-12  
Sn15         115          50           5.47520E-13  
Sn16         116          50           6.38980E-10  
Sn17         117          50           2.04140E-10  
Sn18         118          50           9.50550E-10  
Sn19         119          50           2.90410E-10  
Sn20         120          50           1.55600E-09  
Sn21         121          50           0.00000E+00  
Sn22         122          50           1.72650E-10  
Sn23         123          50           0.00000E+00  
Sn24         124          50           2.39240E-11  
Sb21         121          51           1.23870E-10  
Sb22         122          51           0.00000E+00  
Sb23         123          51           3.89750E-11  
Sb24         124          51           0.00000E+00  
Sb25         125          51           0.00000E+00  
Te22         122          52           1.77320E-10  
Te23         123          52           6.04930E-11  
Te24         124          52           3.83320E-10  
Te25         125          52           1.42480E-10  
Te26         126          52           7.84430E-10  
Te27         127          52           0.00000E+00  
Te28         128          52           1.59860E-10  
Te30         130          52           7.97760E-11  
I127         127          53           1.47530E-10  
I128         128          53           0.00000E+00  
I129         129          53           3.23420E-12  
I130         130          53           0.00000E+00  
I131         131          53           0.00000E+00  
I132         132          53           0.00000E+00  
I133         133          53           0.00000E+00  
Xe28         128          54           2.38640E-10  
Xe29         129          54           1.69430E-10  
Xe30         130          54           5.09020E-10  
Xe31         131          54           2.00050E-10  
Xe32         132          54           1.06470E-09  
Xe33         133          54           0.00000E+00  
Xe34         134          54           2.04910E-10  
Xe35         135          54           0.00000E+00  
Xe36         136          54           2.86330E-11  
Cs33         133          55           1.58360E-10  
Cs34         134          55           0.00000E+00  
Cs35         135          55           1.00680E-10  
Cs36         136          55           0.00000E+00  
Cs37         137          55           0.00000E+00  
Ba34         134          56           3.00140E-10  
Ba35         135          56           1.21810E-10  
Ba36         136          56           1.02650E-09  
Ba37         137          56           1.06170E-09  
Ba38         138          56           1.22170E-08  
Ba39         139          56           0.00000E+00  
Ba40         140          56           0.00000E+00  
La39         139          57           1.46520E-09  
La40         140          57           0.00000E+00  
Ce40         140          58           4.59210E-09  
Ce41         141          58           0.00000E+00  
Ce42         142          58           2.47310E-10  
Ce43         143          58           0.00000E+00  
Ce44         144          58           0.00000E+00  
Pr41         141          59           4.60510E-10  
Pr42         142          59           0.00000E+00  
Pr43         143          59           0.00000E+00  
Pr45         145          59           0.00000E+00  
Nd42         142          60           1.12510E-09  
Nd43         143          60           1.97750E-10  
Nd44         144          60           6.31710E-10  
Nd45         145          60           1.18460E-10  
Nd46         146          60           5.87560E-10  
Nd47         147          60           0.00000E+00  
Nd48         148          60           8.69990E-11  
Nd49         149          60           0.00000E+00  
Nd50         150          60           4.09350E-12  
Pm45         145          61           0.00000E+00  
Pm46         146          61           0.00000E+00  
Pm47         147          61           0.00000E+00  
Pm48         148          61           0.00000E+00  
Pm49         149          61           0.00000E+00  
Pm50         150          61           0.00000E+00  
Pm51         151          61           0.00000E+00  
Sm44         144          62           4.28480E-13  
Sm45         145          62           0.00000E+00  
Sm46         146          62           0.00000E+00  
Sm47         147          62           6.95610E-11  
Sm48         148          62           1.56320E-10  
Sm49         149          62           2.98170E-11  
Sm50         150          62           1.24640E-10  
Sm51         151          62           0.00000E+00  
Sm52         152          62           1.11120E-10  
Sm53         153          62           0.00000E+00  
Sm54         154          62           4.42790E-11  
Eu51         151          63           2.00120E-11  
Eu52         152          63           0.00000E+00  
Eu53         153          63           2.40440E-11  
Eu54         154          63           0.00000E+00  
Eu55         155          63           0.00000E+00  
Eu56         156          63           0.00000E+00  
Eu57         157          63           0.00000E+00  
Gd52         152          64           1.11370E-12  
Gd53         153          64           0.00000E+00  
Gd54         154          64           2.69090E-11  
Gd55         155          64           3.12830E-11  
Gd56         156          64           8.96480E-11  
Gd57         157          64           4.20320E-11  
Gd58         158          64           1.53580E-10  
Gd59         159          64           0.00000E+00  
Gd60         160          64           3.26160E-11  
Tb59         159          65           3.80100E-11  
Tb60         160          65           0.00000E+00  
Tb61         161          65           0.00000E+00  
Dy60         160          66           5.09140E-11  
Dy61         161          66           3.03180E-11  
Dy62         162          66           1.18790E-10  
Dy63         163          66           4.26700E-11  
Dy64         164          66           2.09310E-10  
Dy65         165          66           0.00000E+00  
Dy66         166          66           0.00000E+00  
Ho63         163          67           0.00000E+00  
Ho64         164          67           0.00000E+00  
Ho65         165          67           5.53530E-11  
Ho66         166          67           0.00000E+00  
Er64         164          68           1.76730E-11  
Er65         165          68           0.00000E+00  
Er66         166          68           8.21610E-11  
Er67         167          68           3.95530E-11  
Er68         168          68           1.58430E-10  
Er69         169          68           0.00000E+00  
Er70         170          68           7.06540E-11  
Er71         171          68           0.00000E+00  
Er72         172          68           0.00000E+00  
Tm69         169          69           3.36420E-11  
Tm70         170          69           0.00000E+00  
Tm71         171          69           0.00000E+00  
Tm72         172          69           0.00000E+00  
Tm73         173          69           0.00000E+00  
Yb70         170          70           4.96110E-11  
Yb71         171          70           7.39910E-11  
Yb72         172          70           1.80800E-10  
Yb73         173          70           8.34920E-11  
Yb74         174          70           3.96610E-10  
Yb75         175          70           0.00000E+00  
Yb76         176          70           6.62320E-11  
Yb77         177          70           0.00000E+00  
Lu75         175          71           5.61190E-11  
Lu76         176          71           2.91440E-11  
Lu77         177          71           0.00000E+00  
Hf76         176          72           2.41590E-11  
Hf77         177          72           5.00050E-11  
Hf78         178          72           2.08650E-10  
Hf79         179          72           7.19820E-11  
Hf80         180          72           3.95820E-10  
Hf81         181          72           0.00000E+00  
Hf82         182          72           2.69610E-11  
Hf83         183          72           0.00000E+00  
Hf84         184          72           0.00000E+00  
Ta79         179          73           0.00000E+00  
Ta80         180          73           0.00000E+00  
Ta81         181          73           8.35800E-11  
Ta82         182          73           0.00000E+00  
Ta83         183          73           0.00000E+00  
Ta84         184          73           0.00000E+00  
W180         180          74           0.00000E+00  
W181         181          74           0.00000E+00  
W182         182          74           1.57410E-10  
W183         183          74           1.06830E-10  
W184         184          74           2.93190E-10  
W185         185          74           0.00000E+00  
W186         186          74           1.41830E-10  
W187         187          74           0.00000E+00  
W188         188          74           0.00000E+00  
Re85         185          75           5.84790E-11  
Re86         186          75           0.00000E+00  
Re87         187          75           3.84710E-11  
Re88         188          75           0.00000E+00  
Re89         189          75           0.00000E+00  
Os86         186          76           1.02240E-10  
Os87         187          76           2.82230E-11  
Os88         188          76           2.29930E-10  
Os89         189          76           5.44950E-11  
Os90         190          76           2.54110E-10  
Os91         191          76           0.00000E+00  
Os92         192          76           1.55850E-10  
Os93         193          76           0.00000E+00  
Os94         194          76           0.00000E+00  
Ir91         191          77           6.36720E-11  
Ir92         192          77           0.00000E+00  
Ir93         193          77           8.78960E-11  
Ir94         194          77           0.00000E+00  
Ir95         195          77           0.00000E+00  
Pt92         192          78           6.71180E-11  
Pt93         193          78           0.00000E+00  
Pt94         194          78           2.85080E-10  
Pt95         195          78           1.31440E-10  
Pt96         196          78           3.84890E-10  
Pt97         197          78           0.00000E+00  
Pt98         198          78           3.31690E-11  
Au97         197          79           1.21320E-10  
Au98         198          79           0.00000E+00  
Au99         199          79           0.00000E+00  
Hg98         198          80           3.40350E-10  
Hg99         199          80           1.67250E-10  
Hg00         200          80           5.53590E-10  
Hg01         201          80           2.35110E-10  
Hg02         202          80           9.62750E-10  
Hg03         203          80           0.00000E+00  
Hg04         204          80           2.43520E-11  
Tl03         203          81           4.38350E-10  
Tl04         204          81           0.00000E+00  
Tl05         205          81           9.20390E-10  
Pb04         204          82           5.26460E-10  
Pb05         205          82           6.93060E-11  
Pb06         206          82           6.23170E-09  
Pb07         207          82           8.19980E-09  
Pb08         208          82           1.46840E-07  
Pb09         209          82           0.00000E+00  
Pb10         210          82           0.00000E+00  
Bi09         209          83           1.35350E-09  
Bi10         210          83           0.00000E+00  
Po10         210          84           0.00000E+00  
