#v=150 km/s  [Fe/H]=-3
Isotope 13MSun 15MSun 20MSun 25MSun 30MSun 40MSun 60MSun 80MSun 120MSun
H     4.8816E+00  5.4521E+00  7.1643E+00  8.6127E+00  1.5916E+00  1.1064E+01  1.3083E+01  1.8750E+01  2.5214E+01
H2    9.0905E-17  2.5689E-16  3.4379E-14  4.4339E-13  2.6562E-12  1.6584E-12  2.8591E-11  3.4048E-11  1.9812E-08
H3    1.9103E-24  3.5869E-22  1.1219E-18  6.0629E-17  7.5433E-16  1.2748E-15  5.1396E-15  1.0241E-14  4.2330E-13
He3   1.0094E-04  1.1336E-04  1.1618E-04  1.3289E-04  1.7542E-05  8.5062E-05  1.3071E-04  2.0072E-04  4.3611E-04
He4   3.8190E+00  4.4353E+00  5.6374E+00  6.8167E+00  7.2064E-01  4.3325E+00  4.9812E+00  7.5373E+00  1.9987E+01
Li6   1.1273E-13  3.9435E-13  2.1200E-13  4.1551E-13  1.0178E-13  6.1044E-14  5.5654E-14  7.6421E-14  4.4804E-13
Li7   1.1521E-10  1.8868E-10  5.6831E-11  5.8408E-11  4.2562E-12  5.6033E-09  1.2775E-09  4.3270E-10  4.3995E-11
Be7   3.4101E-13  4.6023E-13  1.2108E-12  2.2104E-13  6.1917E-18  9.3458E-10  8.7687E-10  4.1409E-10  2.4021E-10
Be9   2.0650E-16  5.8814E-16  3.7538E-16  6.0418E-16  2.0535E-16  1.2436E-16  9.8808E-17  1.2564E-16  7.9029E-16
Be10  9.5182E-60  1.1088E-59  1.5258E-59  1.9769E-59  0.0000E+00  0.0000E+00  0.0000E+00  0.0000E+00  0.0000E+00
B10   1.2078E-15  3.1081E-15  2.1353E-15  3.1275E-15  1.2049E-15  7.2432E-16  5.4552E-16  6.8193E-16  4.3843E-15
B11   4.0966E-13  6.3295E-13  4.0374E-13  3.7650E-13  3.7211E-14  3.9368E-14  4.5193E-14  1.1834E-13  8.3232E-13
C12   2.7363E-01  3.7498E-01  5.4936E-01  6.2289E-01  8.4774E-06  7.0326E-06  1.1181E-05  1.8027E-05  4.3830E-05
C13   2.9596E-04  7.2642E-05  3.7099E-04  2.1946E-04  2.0481E-06  1.4866E-06  2.1008E-06  3.4122E-06  6.9201E-06
C14   1.7046E-03  9.9374E-04  3.4495E-03  5.7895E-03  5.7047E-13  1.7129E-26  1.7461E-27  2.5575E-27  6.1847E-25
N13   4.6227E-13  2.7645E-13  6.2081E-12  1.2618E-11  3.4976E-26  7.4273E-35  5.0840E-21  1.2494E-19  1.0856E-14
N14   3.1241E-02  1.6648E-02  4.8963E-02  7.9044E-02  9.5140E-05  1.7035E-04  2.0075E-04  3.3643E-04  1.3995E-03
N15   6.9534E-04  6.1804E-05  5.7642E-04  1.7520E-03  2.0693E-09  3.8706E-09  4.9378E-09  8.1839E-09  3.0584E-08
N16   7.8191E-25  1.2356E-29  1.0317E-23  3.0696E-24  0.0000E+00  0.0000E+00  0.0000E+00  0.0000E+00  0.0000E+00
O15   5.7113E-17  2.5057E-16  2.4829E-15  1.6372E-14  1.2109E-28  6.1388E-36  6.3352E-22  1.8353E-20  2.3637E-15
O16   1.4478E+00  2.0122E+00  3.1152E+00  4.6041E+00  4.4111E-05  2.1155E-04  2.4303E-04  3.0047E-04  3.2908E-04
O17   4.5044E-04  1.7522E-05  3.4817E-04  4.5333E-04  1.1034E-07  7.9424E-07  7.0760E-07  8.6201E-07  2.9029E-07
O18   1.1001E-02  2.3629E-04  1.0496E-02  1.0061E-01  1.6436E-08  7.3380E-08  1.3399E-07  2.0470E-07  3.8109E-07
O19   1.4689E-22  4.9030E-23  3.9879E-18  2.7364E-20  0.0000E+00  0.0000E+00  0.0000E+00  0.0000E+00  0.0000E+00
F17   4.6045E-19  6.2096E-19  2.0659E-17  8.5179E-16  1.6824E-31  0.0000E+00  6.2392E-26  2.1820E-24  9.8733E-18
F18   5.2261E-07  1.7659E-06  3.1999E-08  8.9268E-07  1.1554E-32  9.9082E-40  1.1473E-26  4.1014E-25  3.7779E-18
F19   1.0034E-04  1.5285E-03  1.0243E-03  2.0963E-04  5.3674E-10  4.8942E-09  5.9536E-09  7.2215E-09  6.2010E-09
F20   7.8036E-20  9.4081E-24  1.2289E-16  2.3679E-19  0.0000E+00  0.0000E+00  0.0000E+00  0.0000E+00  0.0000E+00
Ne20  5.4796E-02  4.8063E-02  1.0717E-01  4.5822E-01  2.2338E-06  1.5422E-05  1.7957E-05  2.4428E-05  2.5404E-05
Ne21  1.1578E-04  4.6871E-04  1.1095E-03  5.6387E-04  5.1172E-09  3.2591E-08  3.6133E-08  4.4448E-08  3.7955E-08
Ne22  1.1919E-02  3.8856E-02  5.8598E-02  8.3076E-02  1.1111E-07  8.1713E-07  1.0469E-06  1.3815E-06  1.7838E-06
Ne23  1.0976E-17  3.9375E-17  7.9343E-14  3.9314E-15  0.0000E+00  0.0000E+00  0.0000E+00  0.0000E+00  0.0000E+00
Na21  8.3958E-15  3.7551E-14  2.0988E-15  1.7725E-14  0.0000E+00  0.0000E+00  0.0000E+00  0.0000E+00  0.0000E+00
Na22  9.6820E-07  1.8904E-06  2.5351E-06  3.9812E-06  6.8589E-33  1.5130E-30  4.4761E-28  7.0394E-27  7.6913E-18
Na23  1.4395E-04  1.9657E-04  5.7820E-04  1.9045E-03  3.0215E-07  1.8045E-06  1.8367E-06  2.7053E-06  2.5403E-06
Na24  2.5523E-08  2.8829E-09  2.0318E-08  5.1606E-07  0.0000E+00  0.0000E+00  0.0000E+00  0.0000E+00  0.0000E+00
Mg23  2.6547E-16  3.8440E-15  2.0540E-16  6.7059E-13  0.0000E+00  0.0000E+00  0.0000E+00  0.0000E+00  0.0000E+00
Mg24  1.9996E-02  1.1888E-02  5.1969E-02  1.1262E-01  2.6333E-06  1.7332E-05  1.9604E-05  2.8375E-05  2.8224E-05
Mg25  2.5337E-04  1.5434E-03  5.4225E-03  2.0341E-03  1.9228E-07  1.3607E-06  1.5547E-06  1.9263E-06  1.6942E-06
Mg26  1.6771E-04  2.3779E-04  4.6688E-03  2.2091E-03  2.4472E-07  1.6733E-06  1.9459E-06  2.5353E-06  3.0078E-06
Mg27  5.6471E-15  1.9813E-14  1.6384E-12  3.7305E-11  0.0000E+00  0.0000E+00  0.0000E+00  0.0000E+00  0.0000E+00
Al25  8.6783E-17  9.3169E-17  1.0698E-18  4.3841E-17  0.0000E+00  0.0000E+00  0.0000E+00  0.0000E+00  0.0000E+00
Al26  2.5881E-05  3.9944E-05  7.1140E-05  1.0772E-04  3.3722E-09  3.6879E-09  8.4428E-09  2.2442E-08  1.2736E-07
Alg6  1.1450E-08  1.2473E-07  1.4714E-07  4.8941E-08  3.3722E-09  3.6879E-09  8.4428E-09  2.2442E-08  1.2736E-07
Alm6  3.0179E-17  7.1413E-13  6.6544E-11  8.6801E-18  1.4789E-41  0.0000E+00  6.8144E-32  2.8996E-30  1.6915E-24
Al27  6.5771E-04  3.0186E-04  1.8085E-03  4.6636E-03  2.6654E-07  1.7577E-06  2.7433E-06  5.3656E-06  1.5025E-05
Al28  4.7942E-16  1.4513E-16  4.7372E-14  1.4736E-11  0.0000E+00  0.0000E+00  0.0000E+00  0.0000E+00  0.0000E+00
Si27  6.2252E-21  7.7834E-20  4.0112E-21  1.0794E-16  0.0000E+00  0.0000E+00  0.0000E+00  0.0000E+00  0.0000E+00
Si28  7.7242E-02  1.8139E-01  1.6201E-01  2.0329E-01  3.8430E-06  2.5019E-05  2.9988E-05  4.5609E-05  1.2669E-04
Si29  3.2220E-04  3.5801E-04  9.5138E-04  1.6007E-03  1.7405E-07  1.1899E-06  1.3822E-06  1.9295E-06  2.0976E-06
Si30  2.1930E-04  1.4587E-04  8.2270E-04  1.5900E-03  1.4984E-07  9.6604E-07  1.1479E-06  1.7553E-06  4.2820E-06
Si31  4.3858E-10  7.0894E-11  9.2612E-10  6.5615E-09  0.0000E+00  0.0000E+00  0.0000E+00  0.0000E+00  0.0000E+00
Si32  1.7022E-11  5.7581E-13  1.0617E-11  3.7913E-10  0.0000E+00  0.0000E+00  0.0000E+00  0.0000E+00  0.0000E+00
P29   3.5582E-21  1.9907E-20  7.6291E-21  2.3248E-19  0.0000E+00  0.0000E+00  0.0000E+00  0.0000E+00  0.0000E+00
P30   6.4681E-14  1.0774E-13  8.6788E-13  5.0209E-12  0.0000E+00  0.0000E+00  0.0000E+00  0.0000E+00  0.0000E+00
P31   1.1802E-04  2.5323E-04  3.4595E-04  5.7187E-04  1.3745E-08  9.0944E-08  1.0661E-07  1.5548E-07  2.7710E-07
P32   2.2956E-08  2.6449E-08  9.6882E-08  2.1500E-07  3.7276E-43  5.1434E-41  4.5144E-38  2.6110E-37  7.9874E-36
P33   1.9652E-08  2.1944E-08  8.0351E-08  9.2839E-08  0.0000E+00  0.0000E+00  0.0000E+00  0.0000E+00  0.0000E+00
P34   1.9416E-24  6.3849E-26  1.0177E-19  9.7743E-20  0.0000E+00  0.0000E+00  0.0000E+00  0.0000E+00  0.0000E+00
S31   1.0986E-27  3.9628E-26  7.1845E-27  8.2497E-22  0.0000E+00  0.0000E+00  0.0000E+00  0.0000E+00  0.0000E+00
S32   3.3158E-02  1.3275E-01  5.6610E-02  6.4506E-02  1.5259E-06  1.0160E-05  1.1921E-05  1.7347E-05  2.9829E-05
S33   1.6589E-04  7.3349E-04  3.1250E-04  4.1657E-04  1.2606E-08  8.3884E-08  9.8421E-08  1.4322E-07  2.4647E-07
S34   2.5036E-04  1.5255E-03  6.9278E-04  1.0874E-03  7.3269E-08  4.8785E-07  5.7239E-07  8.3293E-07  1.4324E-06
S35   1.4066E-08  4.0111E-08  3.3606E-08  4.9748E-08  5.5443E-42  3.2038E-39  5.9596E-37  3.4193E-36  9.7440E-35
S36   2.0127E-08  4.2067E-09  1.3695E-08  1.8219E-08  3.6166E-10  2.4082E-09  2.8255E-09  4.1117E-09  7.0702E-09
S37   8.6892E-23  1.2186E-21  2.7063E-19  1.5179E-18  0.0000E+00  0.0000E+00  0.0000E+00  0.0000E+00  0.0000E+00
Cl33  7.9048E-24  2.1829E-24  2.4388E-26  1.5108E-24  0.0000E+00  0.0000E+00  0.0000E+00  0.0000E+00  0.0000E+00
Cl34  4.2333E-26  4.9182E-26  5.3603E-27  1.6086E-25  0.0000E+00  0.0000E+00  0.0000E+00  0.0000E+00  0.0000E+00
Cl35  3.8435E-05  3.8040E-04  7.0344E-05  9.9330E-05  1.4276E-08  9.5056E-08  1.1153E-07  1.6229E-07  2.7907E-07
Cl36  1.4916E-07  4.3031E-07  1.7514E-07  2.7315E-07  8.8550E-14  8.9556E-23  7.2057E-21  1.3525E-16  1.9779E-12
Cl37  3.8239E-07  6.4487E-07  4.1382E-07  6.1490E-07  4.8291E-09  3.2116E-08  3.7681E-08  5.4834E-08  9.4411E-08
Cl38  1.9853E-13  4.8576E-14  2.3130E-13  1.5410E-13  0.0000E+00  0.0000E+00  0.0000E+00  0.0000E+00  0.0000E+00
Ar36  6.6583E-03  2.7260E-02  1.0723E-02  1.2235E-02  2.9149E-07  1.9409E-06  2.2773E-06  3.3139E-06  5.6979E-06
Ar37  1.9088E-05  1.5185E-04  2.8094E-05  3.1161E-05  2.9586E-18  2.2162E-27  4.2118E-28  6.3759E-28  4.9674E-26
Ar38  1.5973E-04  2.0195E-03  3.1125E-04  4.2323E-04  5.5942E-08  3.7250E-07  4.3704E-07  6.3598E-07  1.0936E-06
Ar39  1.5240E-08  2.1061E-08  1.8103E-08  7.6511E-09  2.6934E-20  1.0708E-32  1.9075E-32  9.4481E-32  2.4781E-30
Ar40  5.5748E-09  4.8115E-09  1.9429E-08  3.8020E-09  9.4194E-11  6.2712E-10  7.3578E-10  1.0707E-09  1.8414E-09
Ar41  7.9048E-14  1.1892E-14  1.3302E-13  1.5496E-13  0.0000E+00  0.0000E+00  0.0000E+00  0.0000E+00  0.0000E+00
K37   5.6283E-31  1.1165E-32  1.0508E-34  4.7892E-33  0.0000E+00  0.0000E+00  0.0000E+00  0.0000E+00  0.0000E+00
K38   1.1074E-13  1.4075E-12  1.4082E-13  2.4220E-13  0.0000E+00  0.0000E+00  0.0000E+00  0.0000E+00  0.0000E+00
K39   3.8725E-05  5.3711E-04  5.9450E-05  6.9628E-05  6.6245E-09  4.4108E-08  5.1752E-08  7.5307E-08  1.2950E-07
K40   2.5301E-08  1.3614E-07  1.1969E-08  2.0170E-08  1.0824E-11  7.1202E-11  8.3593E-11  1.2169E-10  2.1261E-10
K41   1.8912E-08  1.6045E-08  1.2020E-08  1.6840E-08  5.0266E-10  3.3464E-09  3.9262E-09  5.7134E-09  9.8281E-09
K42   1.1196E-10  1.3168E-11  6.8851E-11  1.1760E-10  0.0000E+00  0.0000E+00  0.0000E+00  0.0000E+00  0.0000E+00
Ca40  6.0256E-03  1.5407E-02  9.7927E-03  1.1555E-02  3.2326E-07  2.1523E-06  2.5253E-06  3.6748E-06  6.3189E-06
Ca41  9.2135E-06  3.1898E-05  7.4971E-06  8.1842E-06  2.4192E-12  8.9224E-21  1.7630E-19  2.7316E-15  2.1087E-11
Ca42  5.6227E-06  9.7252E-05  9.4513E-06  1.2406E-05  2.2671E-09  1.5084E-08  1.7698E-08  2.5753E-08  4.4329E-08
Ca43  9.1733E-08  2.4093E-07  8.0352E-08  1.2581E-07  4.8418E-10  3.2223E-09  3.7806E-09  5.5015E-09  9.4714E-09
Ca44  8.9689E-08  1.4581E-07  1.5440E-07  2.1547E-07  7.6518E-09  5.0947E-08  5.9777E-08  8.6984E-08  1.4961E-07
Ca45  1.8201E-09  2.8877E-09  1.7971E-08  4.2991E-09  2.8800E-41  1.9619E-38  3.0642E-36  1.7584E-35  5.0831E-34
Ca46  1.3603E-09  1.2243E-09  3.0738E-08  7.4376E-10  1.5339E-11  1.0213E-10  1.1983E-10  1.7438E-10  2.9985E-10
Ca47  3.0443E-12  9.5108E-12  8.6620E-09  5.5795E-12  0.0000E+00  0.0000E+00  1.1634E-40  6.6130E-40  1.8680E-38
Ca48  3.1380E-09  3.6580E-09  6.2934E-09  6.0735E-09  7.4827E-10  4.9825E-09  5.8458E-09  8.5068E-09  1.4628E-08
Ca49  4.0796E-20  3.9953E-19  1.4329E-18  3.1598E-18  0.0000E+00  0.0000E+00  0.0000E+00  0.0000E+00  0.0000E+00
Sc41  4.7816E-44  1.4578E-47  7.6797E-48  7.1742E-47  0.0000E+00  0.0000E+00  0.0000E+00  0.0000E+00  0.0000E+00
Sc42  1.5328E-38  4.4895E-40  5.4433E-41  3.6883E-40  0.0000E+00  0.0000E+00  0.0000E+00  0.0000E+00  0.0000E+00
Sc43  2.4348E-08  4.9742E-08  2.1547E-08  3.3201E-08  0.0000E+00  0.0000E+00  0.0000E+00  0.0000E+00  0.0000E+00
Sc44  4.1344E-09  2.0611E-08  8.2796E-10  9.0205E-10  0.0000E+00  0.0000E+00  0.0000E+00  0.0000E+00  0.0000E+00
Sc45  1.8785E-07  7.3043E-07  2.3363E-07  3.4162E-07  1.0825E-10  7.2039E-10  8.4522E-10  1.2300E-09  2.1197E-09
Sc46  9.1070E-10  1.5418E-09  1.7801E-09  3.0418E-09  4.5285E-42  2.5245E-39  4.8407E-37  2.7773E-36  9.5618E-35
Sc47  4.5687E-11  1.2556E-10  1.8246E-09  3.0191E-10  0.0000E+00  0.0000E+00  8.8657E-41  5.0394E-40  1.4206E-38
Sc48  1.4859E-11  2.4463E-11  6.1982E-11  5.2442E-11  0.0000E+00  0.0000E+00  0.0000E+00  0.0000E+00  0.0000E+00
Sc49  1.5549E-14  6.2986E-14  1.1376E-13  4.0491E-14  0.0000E+00  0.0000E+00  0.0000E+00  0.0000E+00  0.0000E+00
Ti44  2.8139E-05  2.4758E-05  3.5527E-05  4.8108E-05  0.0000E+00  0.0000E+00  0.0000E+00  0.0000E+00  0.0000E+00
Ti45  5.3744E-08  2.2962E-07  7.0066E-08  9.9397E-08  0.0000E+00  0.0000E+00  0.0000E+00  0.0000E+00  0.0000E+00
Ti46  2.9215E-06  2.7128E-05  5.4119E-06  7.0668E-06  1.1487E-09  7.6483E-09  8.9737E-09  1.3058E-08  2.2464E-08
Ti47  3.1905E-07  5.9239E-07  2.9819E-07  5.2240E-07  1.0584E-09  7.0473E-09  8.2686E-09  1.2032E-08  2.0692E-08
Ti48  6.3721E-08  1.0423E-07  7.6532E-08  1.0219E-07  1.0710E-08  7.1316E-08  8.3673E-08  1.2176E-07  2.0937E-07
Ti49  1.1347E-08  1.2765E-08  2.2328E-08  2.9970E-08  8.0270E-10  5.3426E-09  6.2683E-09  9.1216E-09  1.5690E-08
Ti50  2.3389E-08  2.3713E-08  5.9590E-08  5.1645E-08  7.8418E-10  5.2197E-09  6.1243E-09  8.9119E-09  1.5335E-08
Ti51  2.1903E-19  7.0581E-18  4.9151E-17  7.1756E-16  0.0000E+00  0.0000E+00  0.0000E+00  0.0000E+00  0.0000E+00
V45   1.1928E-51  3.5473E-51  1.7961E-54  2.8667E-46  0.0000E+00  0.0000E+00  0.0000E+00  0.0000E+00  0.0000E+00
V46   1.1372E-57  1.7044E-57  2.1597E-58  2.3338E-51  0.0000E+00  0.0000E+00  0.0000E+00  0.0000E+00  0.0000E+00
V47   9.9705E-11  3.2198E-10  7.8307E-11  1.2842E-10  0.0000E+00  0.0000E+00  0.0000E+00  0.0000E+00  0.0000E+00
V48   2.3768E-08  1.1630E-07  1.9385E-08  2.3353E-08  0.0000E+00  0.0000E+00  0.0000E+00  0.0000E+00  0.0000E+00
V49   1.7861E-06  2.7241E-06  2.1246E-06  1.9044E-06  0.0000E+00  0.0000E+00  0.0000E+00  0.0000E+00  0.0000E+00
V50   5.1527E-10  1.2211E-09  4.0479E-10  8.1319E-10  1.8108E-12  1.2058E-11  1.4147E-11  2.0587E-11  3.5399E-11
V51   5.4219E-09  5.7987E-09  9.3130E-09  9.9917E-09  7.3699E-10  4.9073E-09  5.7576E-09  8.3782E-09  1.4407E-08
V52   6.4392E-19  5.3602E-19  2.1824E-17  3.2373E-16  0.0000E+00  0.0000E+00  0.0000E+00  0.0000E+00  0.0000E+00
Cr48  7.5743E-05  7.1417E-05  9.9108E-05  1.0636E-04  0.0000E+00  0.0000E+00  0.0000E+00  0.0000E+00  0.0000E+00
Cr49  3.8508E-09  7.7042E-09  4.6386E-09  4.1543E-09  0.0000E+00  0.0000E+00  0.0000E+00  0.0000E+00  0.0000E+00
Cr50  6.2710E-06  3.4518E-05  8.6819E-06  1.1026E-05  1.6140E-09  1.0748E-08  1.2610E-08  1.8350E-08  3.1553E-08
Cr51  2.3275E-06  4.0480E-06  1.7230E-06  1.3088E-06  1.8030E-19  1.5997E-28  3.1548E-29  5.2160E-29  6.4333E-27
Cr52  7.9262E-07  2.0800E-06  1.0891E-06  1.0752E-06  3.2372E-08  2.1554E-07  2.5291E-07  3.6800E-07  6.3280E-07
Cr53  1.5229E-08  1.7698E-08  2.3061E-08  2.8270E-08  3.7413E-09  2.4912E-08  2.9229E-08  4.2534E-08  7.3134E-08
Cr54  1.5261E-08  1.9368E-08  3.0417E-08  3.9660E-08  9.4934E-10  6.3180E-09  7.4127E-09  1.0787E-08  1.8558E-08
Cr55  9.3256E-20  1.7160E-18  1.5105E-17  3.2328E-16  0.0000E+00  0.0000E+00  0.0000E+00  0.0000E+00  0.0000E+00
Mn50  9.5182E-60  1.1088E-59  1.5258E-59  1.9769E-59  0.0000E+00  0.0000E+00  0.0000E+00  0.0000E+00  0.0000E+00
Mn51  6.0077E-09  9.2213E-09  4.2934E-09  3.0363E-09  0.0000E+00  0.0000E+00  0.0000E+00  0.0000E+00  0.0000E+00
Mn52  1.3913E-04  1.8428E-04  1.9345E-04  1.5226E-04  0.0000E+00  0.0000E+00  0.0000E+00  0.0000E+00  0.0000E+00
Mn53  3.3142E-05  4.6132E-05  4.0299E-05  3.2733E-05  0.0000E+00  0.0000E+00  0.0000E+00  0.0000E+00  0.0000E+00
Mn54  1.8839E-09  5.3334E-09  1.4613E-09  1.9480E-09  0.0000E+00  0.0000E+00  0.0000E+00  0.0000E+00  0.0000E+00
Mn55  9.8190E-08  1.1297E-07  1.4024E-07  1.7581E-07  2.5198E-08  1.6777E-07  1.9683E-07  2.8643E-07  4.9253E-07
Mn56  4.4973E-11  8.7754E-11  7.3453E-11  1.5807E-11  0.0000E+00  0.0000E+00  0.0000E+00  0.0000E+00  0.0000E+00
Mn57  8.6049E-25  8.8655E-24  3.6251E-23  5.3880E-21  0.0000E+00  0.0000E+00  0.0000E+00  0.0000E+00  0.0000E+00
Fe52  4.2065E-04  5.5335E-04  5.8414E-04  4.6037E-04  0.0000E+00  0.0000E+00  0.0000E+00  0.0000E+00  0.0000E+00
Fe53  7.3928E-14  2.1738E-12  1.7666E-13  1.3042E-13  0.0000E+00  0.0000E+00  0.0000E+00  0.0000E+00  0.0000E+00
Fe54  4.1346E-04  1.0404E-03  3.2473E-04  4.5591E-04  1.6988E-07  1.1312E-06  1.3272E-06  1.9313E-06  3.3209E-06
Fe55  1.9286E-05  3.7777E-05  1.8602E-05  1.5491E-05  7.6307E-16  2.0530E-22  2.4155E-20  2.7978E-19  5.6838E-16
Fe56  1.2763E-05  3.0573E-05  2.0084E-05  2.5225E-05  2.7655E-06  1.8415E-05  2.1606E-05  3.1440E-05  5.4063E-05
Fe57  4.6171E-07  5.8414E-07  5.8410E-07  8.6794E-07  6.5029E-08  4.3287E-07  5.0788E-07  7.3906E-07  1.2710E-06
Fe58  6.6610E-07  9.0728E-07  9.9518E-07  1.6469E-06  8.8252E-09  5.8618E-08  6.8777E-08  1.0008E-07  1.7261E-07
Fe59  2.0825E-08  3.8714E-08  1.0450E-07  4.3057E-08  2.8021E-41  1.1448E-38  2.8356E-36  1.6256E-35  5.8895E-34
Fe60  1.4822E-08  1.7236E-08  2.3438E-07  5.6337E-09  1.1703E-16  9.2482E-37  1.7135E-27  1.1039E-18  1.4910E-14
Fe61  1.2509E-19  5.3965E-20  3.1826E-16  7.1313E-17  0.0000E+00  0.0000E+00  0.0000E+00  0.0000E+00  0.0000E+00
Co54  9.5182E-60  1.1088E-59  1.5258E-59  1.9769E-59  0.0000E+00  0.0000E+00  0.0000E+00  0.0000E+00  0.0000E+00
Co55  8.7982E-05  1.3102E-04  7.4941E-05  4.9718E-05  0.0000E+00  0.0000E+00  0.0000E+00  0.0000E+00  0.0000E+00
Co56  8.3593E-07  1.5730E-06  6.5228E-07  1.2064E-06  0.0000E+00  0.0000E+00  0.0000E+00  0.0000E+00  0.0000E+00
Co57  1.1413E-04  1.1194E-04  1.0964E-04  1.0766E-04  0.0000E+00  0.0000E+00  0.0000E+00  0.0000E+00  0.0000E+00
Co58  7.6660E-09  1.5659E-08  1.0692E-08  1.0128E-08  0.0000E+00  0.0000E+00  0.0000E+00  0.0000E+00  0.0000E+00
Co59  2.2208E-07  3.0086E-07  3.8528E-07  6.6855E-07  9.8166E-09  6.5345E-08  7.6667E-08  1.1157E-07  1.9199E-07
Co60  2.5893E-08  4.0884E-08  2.6439E-08  1.9659E-08  2.2610E-22  5.6153E-36  3.7586E-33  2.1474E-24  2.7067E-20
Co61  1.5273E-11  8.7063E-11  4.7366E-10  1.1900E-10  0.0000E+00  0.0000E+00  0.0000E+00  0.0000E+00  0.0000E+00
Ni56  7.0000E-02  7.0000E-02  7.0000E-02  7.0000E-02  0.0000E+00  0.0000E+00  0.0000E+00  0.0000E+00  0.0000E+00
Ni57  2.2040E-03  2.1030E-03  2.1127E-03  2.0629E-03  0.0000E+00  0.0000E+00  0.0000E+00  0.0000E+00  0.0000E+00
Ni58  4.2040E-03  4.2526E-03  4.1691E-03  4.1724E-03  1.1153E-07  7.4264E-07  8.7134E-07  1.2679E-06  2.1802E-06
Ni59  8.1220E-05  1.0389E-04  6.4035E-05  7.9463E-05  1.0999E-12  1.0032E-20  2.1640E-19  9.8782E-16  1.7756E-12
Ni60  1.5377E-03  1.4050E-03  1.5610E-03  1.6594E-03  4.4446E-08  2.9593E-07  3.4721E-07  5.0525E-07  8.6898E-07
Ni61  3.5671E-05  4.1258E-05  3.3517E-05  3.5641E-05  1.9656E-09  1.3078E-08  1.5345E-08  2.2329E-08  3.8460E-08
Ni62  1.0774E-05  1.4075E-05  1.0994E-05  1.0806E-05  6.3671E-09  4.2383E-08  4.9727E-08  7.2363E-08  1.2458E-07
Ni63  7.6864E-08  9.5171E-08  1.1790E-07  1.0467E-07  2.6811E-21  2.7065E-33  1.2938E-32  7.3164E-32  2.2538E-30
Ni64  1.4404E-07  1.5169E-07  4.6168E-07  3.9106E-07  1.6736E-09  1.1142E-08  1.3073E-08  1.9023E-08  3.2768E-08
Ni65  3.6807E-12  1.7295E-11  2.8666E-10  5.4291E-11  0.0000E+00  0.0000E+00  0.0000E+00  0.0000E+00  0.0000E+00
Cu57  9.5182E-60  1.1088E-59  1.5258E-59  1.9769E-59  0.0000E+00  0.0000E+00  0.0000E+00  0.0000E+00  0.0000E+00
Cu58  6.2090E-43  1.2772E-41  4.1125E-43  1.1230E-35  0.0000E+00  0.0000E+00  0.0000E+00  0.0000E+00  0.0000E+00
Cu59  2.8333E-22  3.9652E-20  5.9568E-23  8.3247E-21  0.0000E+00  0.0000E+00  0.0000E+00  0.0000E+00  0.0000E+00
Cu60  3.2210E-08  2.9865E-08  3.2466E-08  3.4383E-08  0.0000E+00  0.0000E+00  0.0000E+00  0.0000E+00  0.0000E+00
Cu61  2.8094E-05  3.2249E-05  2.6332E-05  2.7863E-05  0.0000E+00  0.0000E+00  0.0000E+00  0.0000E+00  0.0000E+00
Cu62  3.6260E-07  4.7241E-07  3.5623E-07  3.3464E-07  0.0000E+00  0.0000E+00  0.0000E+00  0.0000E+00  0.0000E+00
Cu63  2.5840E-05  4.5722E-06  1.5179E-05  2.3134E-05  1.1496E-09  7.6492E-09  8.9746E-09  1.3060E-08  2.2531E-08
Cu64  5.0773E-10  1.4402E-09  6.2559E-09  1.0783E-08  5.1595E-43  0.0000E+00  5.2758E-38  3.0210E-37  1.1186E-35
Cu65  4.2281E-08  4.8400E-08  1.8472E-07  3.1940E-07  5.2862E-10  3.5176E-09  4.1271E-09  6.0057E-09  1.0395E-08
Cu66  2.9947E-18  1.0548E-16  1.6581E-15  3.4488E-14  0.0000E+00  0.0000E+00  0.0000E+00  0.0000E+00  0.0000E+00
Zn60  3.0605E-23  7.0054E-21  5.0024E-22  4.2627E-22  0.0000E+00  0.0000E+00  0.0000E+00  0.0000E+00  0.0000E+00
Zn61  8.7418E-25  8.4584E-23  4.1460E-23  2.4415E-23  0.0000E+00  0.0000E+00  0.0000E+00  0.0000E+00  0.0000E+00
Zn62  5.5362E-04  6.7094E-04  5.5959E-04  5.0045E-04  0.0000E+00  0.0000E+00  0.0000E+00  0.0000E+00  0.0000E+00
Zn63  3.6404E-08  6.4292E-09  2.1145E-08  3.2119E-08  0.0000E+00  0.0000E+00  0.0000E+00  0.0000E+00  0.0000E+00
Zn64  5.2146E-05  1.5391E-05  2.6941E-05  6.1939E-05  1.9236E-09  1.2807E-08  1.5026E-08  2.1865E-08  3.7638E-08
Zn65  6.7671E-07  6.7773E-07  5.3540E-07  9.2937E-07  1.9808E-20  5.3937E-32  4.2313E-32  1.1495E-31  1.0144E-30
Zn66  2.5549E-06  3.3196E-06  2.4410E-06  2.6375E-06  1.1381E-09  7.5771E-09  8.8901E-09  1.2937E-08  2.2283E-08
Zn67  1.0813E-08  1.3028E-08  3.8785E-08  7.0044E-08  1.6978E-10  1.1304E-09  1.3262E-09  1.9299E-09  3.3265E-09
Zn68  4.9870E-08  5.7478E-08  2.1225E-07  2.5423E-07  7.8800E-10  5.2465E-09  6.1556E-09  8.9576E-09  1.5435E-08
Zn69  2.5755E-13  1.7028E-12  3.3233E-11  3.3116E-11  0.0000E+00  0.0000E+00  0.0000E+00  0.0000E+00  0.0000E+00
Zn70  9.9411E-11  1.5845E-10  1.9008E-09  6.0802E-10  2.6821E-11  1.7859E-10  2.0953E-10  3.0491E-10  5.2427E-10
Zn71  1.2639E-23  4.1015E-22  1.4549E-22  5.9508E-18  0.0000E+00  0.0000E+00  0.0000E+00  0.0000E+00  0.0000E+00
Ga62  9.5182E-60  1.1088E-59  1.5258E-59  1.9769E-59  0.0000E+00  0.0000E+00  0.0000E+00  0.0000E+00  0.0000E+00
Ga63  1.0116E-35  9.6269E-34  2.6823E-34  2.0770E-27  0.0000E+00  0.0000E+00  0.0000E+00  0.0000E+00  0.0000E+00
Ga64  1.3062E-25  1.3807E-22  1.8518E-23  1.4624E-23  0.0000E+00  0.0000E+00  0.0000E+00  0.0000E+00  0.0000E+00
Ga65  1.3855E-13  1.4195E-13  1.0579E-13  1.7919E-13  0.0000E+00  0.0000E+00  0.0000E+00  0.0000E+00  0.0000E+00
Ga66  6.4081E-06  8.3424E-06  5.6428E-06  5.7000E-06  0.0000E+00  0.0000E+00  0.0000E+00  0.0000E+00  0.0000E+00
Ga67  2.1416E-08  2.6005E-08  2.9962E-08  4.6814E-08  0.0000E+00  0.0000E+00  0.0000E+00  0.0000E+00  0.0000E+00
Ga68  2.7915E-12  6.9759E-12  3.0448E-11  8.7304E-11  0.0000E+00  0.0000E+00  0.0000E+00  0.0000E+00  0.0000E+00
Ga69  7.1840E-09  8.0780E-09  3.3347E-08  4.4145E-08  7.7415E-11  5.1538E-10  6.0470E-10  8.7993E-10  1.5176E-09
Ga70  4.4415E-15  7.2674E-14  5.6894E-13  2.2993E-12  0.0000E+00  0.0000E+00  0.0000E+00  0.0000E+00  0.0000E+00
Ga71  5.9144E-09  5.1426E-09  1.5167E-08  2.3071E-08  5.2869E-11  3.5196E-10  4.1296E-10  6.0091E-10  1.0367E-09
Ga72  3.6054E-12  1.6598E-11  4.9769E-10  4.5957E-10  0.0000E+00  0.0000E+00  0.0000E+00  0.0000E+00  0.0000E+00
Ge64  5.3599E-33  2.2496E-29  4.6734E-30  4.2476E-30  0.0000E+00  0.0000E+00  0.0000E+00  0.0000E+00  0.0000E+00
Ge65  2.0319E-40  3.8403E-42  1.2017E-39  4.8460E-36  0.0000E+00  0.0000E+00  0.0000E+00  0.0000E+00  0.0000E+00
Ge66  1.2551E-06  1.6349E-06  1.1049E-06  1.1157E-06  0.0000E+00  0.0000E+00  0.0000E+00  0.0000E+00  0.0000E+00
Ge67  4.9484E-15  1.2343E-14  1.4235E-14  2.2402E-14  0.0000E+00  0.0000E+00  0.0000E+00  0.0000E+00  0.0000E+00
Ge68  1.1911E-08  8.8970E-09  2.8765E-08  1.5497E-07  0.0000E+00  0.0000E+00  0.0000E+00  0.0000E+00  0.0000E+00
Ge69  4.1883E-11  4.6045E-11  6.2928E-10  1.2840E-09  0.0000E+00  0.0000E+00  0.0000E+00  0.0000E+00  0.0000E+00
Ge70  1.1603E-08  1.2020E-08  6.5234E-08  1.0237E-07  1.1093E-10  7.3850E-10  8.6648E-10  1.2609E-09  2.1741E-09
Ge71  4.3020E-10  1.5834E-09  7.3090E-09  6.2724E-09  5.6471E-43  7.0087E-41  6.0324E-38  3.4553E-37  1.2429E-35
Ge72  1.1269E-08  1.1810E-08  4.9722E-08  4.9377E-08  1.5076E-10  1.0038E-09  1.1778E-09  1.7138E-09  2.9517E-09
Ge73  3.1835E-09  3.3946E-09  1.4365E-08  1.2901E-08  4.2904E-11  2.8566E-10  3.3518E-10  4.8772E-10  8.3987E-10
Ge74  1.8478E-08  1.7466E-08  7.8120E-08  4.7681E-08  2.0413E-10  1.3591E-09  1.5946E-09  2.3205E-09  3.9953E-09
Ge75  1.1044E-13  6.7109E-13  1.3132E-11  3.0337E-11  0.0000E+00  0.0000E+00  0.0000E+00  0.0000E+00  0.0000E+00
Ge76  1.5843E-10  1.9196E-10  5.7241E-10  4.7547E-10  4.3970E-11  2.9279E-10  3.4352E-10  4.9989E-10  8.5954E-10
Ge77  4.0676E-14  3.0705E-13  1.6266E-11  5.7861E-13  0.0000E+00  0.0000E+00  0.0000E+00  0.0000E+00  0.0000E+00
As71  9.4291E-13  4.6622E-12  1.6784E-11  5.4884E-11  0.0000E+00  0.0000E+00  0.0000E+00  0.0000E+00  0.0000E+00
As72  1.2819E-12  5.5288E-12  3.5802E-11  9.3519E-11  0.0000E+00  0.0000E+00  0.0000E+00  0.0000E+00  0.0000E+00
As73  1.7408E-11  3.4728E-11  5.2513E-10  1.8772E-09  0.0000E+00  0.0000E+00  0.0000E+00  0.0000E+00  0.0000E+00
As74  2.1873E-12  6.0785E-12  7.0848E-11  2.7689E-10  0.0000E+00  0.0000E+00  0.0000E+00  0.0000E+00  0.0000E+00
As75  1.8879E-09  1.8535E-09  8.9988E-09  7.7716E-09  2.5470E-11  1.6960E-10  1.9898E-10  2.8956E-10  4.9841E-10
As76  3.7434E-12  7.2946E-12  6.5614E-11  7.5123E-10  0.0000E+00  0.0000E+00  0.0000E+00  0.0000E+00  0.0000E+00
As77  6.3967E-12  1.0393E-11  1.5608E-10  7.7847E-10  0.0000E+00  0.0000E+00  0.0000E+00  0.0000E+00  0.0000E+00
Se74  1.0951E-10  7.8590E-11  2.8506E-09  8.8335E-09  2.4522E-12  1.6330E-11  1.9160E-11  2.7881E-11  4.7938E-11
Se75  1.6177E-11  1.7193E-11  4.1919E-10  1.4334E-09  3.7385E-43  2.6631E-40  4.8687E-38  2.7952E-37  7.8513E-36
Se76  4.1680E-09  3.7911E-09  1.9494E-08  1.7080E-08  2.6520E-11  1.7657E-10  2.0717E-10  3.0147E-10  5.1938E-10
Se77  1.6545E-09  1.5030E-09  6.8526E-09  3.7605E-09  2.1878E-11  1.4567E-10  1.7091E-10  2.4871E-10  4.2805E-10
Se78  1.0089E-08  8.7426E-09  4.3910E-08  1.9154E-08  6.9047E-11  4.5971E-10  5.3936E-10  7.8488E-10  1.3515E-09
Se79  2.0825E-09  1.8170E-09  8.5640E-09  2.7315E-09  1.9963E-18  4.9129E-25  2.1871E-23  1.4917E-22  3.0899E-17
Se80  1.0898E-08  8.6303E-09  5.0784E-08  5.9767E-09  1.4778E-10  9.8403E-10  1.1546E-09  1.6801E-09  2.8889E-09
Se81  1.0037E-17  2.8200E-16  5.9844E-15  1.8329E-13  0.0000E+00  0.0000E+00  0.0000E+00  0.0000E+00  0.0000E+00
Se82  1.0083E-10  1.1819E-10  1.8571E-10  2.2227E-10  2.6657E-11  1.7750E-10  2.0825E-10  3.0305E-10  5.2110E-10
Se83  1.0497E-17  9.2696E-17  3.5646E-16  4.5642E-17  0.0000E+00  0.0000E+00  0.0000E+00  0.0000E+00  0.0000E+00
Br75  1.9502E-15  4.6506E-15  1.7427E-14  8.3599E-14  0.0000E+00  0.0000E+00  0.0000E+00  0.0000E+00  0.0000E+00
Br76  2.4004E-13  5.3245E-13  4.4796E-12  1.3097E-11  0.0000E+00  0.0000E+00  0.0000E+00  0.0000E+00  0.0000E+00
Br77  2.6848E-12  3.8288E-12  4.6720E-11  1.5523E-10  0.0000E+00  0.0000E+00  0.0000E+00  0.0000E+00  0.0000E+00
Br78  6.0485E-19  5.7352E-18  5.3505E-17  4.0042E-16  0.0000E+00  0.0000E+00  0.0000E+00  0.0000E+00  0.0000E+00
Br79  1.2073E-10  1.2217E-10  1.1828E-09  1.8183E-09  2.3632E-11  1.5736E-10  1.8464E-10  2.6866E-10  4.6216E-10
Br80  3.5020E-16  3.4935E-15  2.8682E-14  1.6115E-13  0.0000E+00  0.0000E+00  0.0000E+00  0.0000E+00  0.0000E+00
Br81  1.8555E-09  1.4504E-09  9.0759E-09  1.4981E-09  2.3572E-11  1.5696E-10  1.8415E-10  2.6798E-10  4.6085E-10
Br82  8.6502E-13  1.9180E-12  1.3256E-11  8.5989E-11  0.0000E+00  0.0000E+00  0.0000E+00  0.0000E+00  0.0000E+00
Br83  2.0507E-13  1.4004E-12  1.2823E-11  2.5559E-11  0.0000E+00  0.0000E+00  0.0000E+00  0.0000E+00  0.0000E+00
Kr78  1.4068E-11  1.2506E-11  1.8290E-10  5.5855E-10  8.5459E-13  5.6906E-12  6.6768E-12  9.7157E-12  1.6706E-11
Kr79  1.8127E-12  1.0400E-12  2.9544E-11  9.0536E-11  0.0000E+00  0.0000E+00  0.0000E+00  0.0000E+00  0.0000E+00
Kr80  1.5625E-10  1.5249E-10  2.0360E-09  4.6893E-09  5.6344E-12  3.7502E-11  4.4001E-11  6.4029E-11  1.1047E-10
Kr81  5.2438E-11  4.5154E-11  4.7084E-10  8.6056E-10  6.9082E-16  1.1159E-24  8.1716E-23  8.3314E-19  1.2034E-13
Kr82  5.3231E-09  3.7983E-09  2.5264E-08  7.4512E-09  2.8934E-11  1.9262E-10  2.2599E-10  3.2886E-10  5.6635E-10
Kr83  1.8414E-09  1.4371E-09  9.6993E-09  2.9491E-09  2.9006E-11  1.9314E-10  2.2661E-10  3.2976E-10  5.6725E-10
Kr84  9.2831E-09  6.6939E-09  5.2194E-08  1.1873E-08  1.4468E-10  9.6333E-10  1.1302E-09  1.6447E-09  2.8291E-09
Kr85  2.7073E-09  2.0335E-09  1.6777E-08  1.0598E-09  3.2696E-32  3.4298E-37  2.2301E-35  1.2833E-34  3.7510E-33
Kr86  8.0596E-09  4.2168E-09  8.2858E-08  1.2003E-09  4.4793E-11  2.9825E-10  3.4993E-10  5.0922E-10  8.7563E-10
Kr87  5.7342E-16  1.6133E-15  9.4023E-15  2.7158E-15  0.0000E+00  0.0000E+00  0.0000E+00  0.0000E+00  0.0000E+00
Rb79  1.2175E-19  6.8689E-19  1.6161E-18  5.1972E-18  0.0000E+00  0.0000E+00  0.0000E+00  0.0000E+00  0.0000E+00
Rb80  4.2083E-29  2.0630E-32  2.1291E-27  7.6051E-26  0.0000E+00  0.0000E+00  0.0000E+00  0.0000E+00  0.0000E+00
Rb81  3.3012E-14  5.6707E-14  3.5291E-13  1.0246E-12  0.0000E+00  0.0000E+00  0.0000E+00  0.0000E+00  0.0000E+00
Rb82  5.0389E-14  7.9583E-14  5.9097E-13  1.7711E-12  0.0000E+00  0.0000E+00  0.0000E+00  0.0000E+00  0.0000E+00
Rb83  2.5031E-12  2.9521E-12  3.1371E-11  1.0625E-10  0.0000E+00  0.0000E+00  0.0000E+00  0.0000E+00  0.0000E+00
Rb84  5.3283E-13  7.6891E-13  6.4966E-12  2.2203E-11  0.0000E+00  0.0000E+00  0.0000E+00  0.0000E+00  0.0000E+00
Rb85  8.9023E-10  5.8728E-10  4.9376E-09  2.2827E-09  3.3940E-11  2.2598E-10  2.6514E-10  3.8583E-10  6.6358E-10
Rb86  1.1330E-10  2.2160E-10  2.8092E-09  3.8512E-10  1.0232E-42  2.3627E-40  1.0919E-37  6.2568E-37  1.8022E-35
Rb87  2.2373E-09  1.4118E-09  3.5855E-08  8.2299E-10  1.4295E-11  9.5184E-11  1.1168E-10  1.6252E-10  2.7945E-10
Rb88  3.1373E-18  6.3303E-17  1.3273E-15  9.3459E-16  0.0000E+00  0.0000E+00  0.0000E+00  0.0000E+00  0.0000E+00
Sr84  2.0380E-11  2.9461E-11  1.3296E-10  3.9580E-10  5.9137E-13  3.9379E-12  4.6203E-12  6.7234E-12  1.1561E-11
Sr85  1.9127E-12  1.4104E-12  1.6306E-11  4.9214E-11  3.1690E-44  0.0000E+00  6.6495E-39  3.7868E-38  1.0713E-36
Sr86  2.7693E-09  1.4482E-09  5.4178E-09  4.0772E-09  1.0713E-11  7.1297E-11  8.3651E-11  1.2173E-10  2.0976E-10
Sr87  1.8168E-09  1.0445E-09  3.2380E-09  2.1482E-09  7.5745E-12  5.0413E-11  5.9146E-11  8.6067E-11  1.4824E-10
Sr88  1.6976E-08  9.8039E-09  6.0685E-08  9.3525E-09  9.1810E-11  6.1126E-10  7.1719E-10  1.0436E-09  1.7956E-09
Sr89  1.5585E-10  2.2025E-10  8.9522E-09  1.2827E-10  8.2275E-44  3.0543E-43  1.2103E-38  6.9240E-38  2.0594E-36
Sr90  1.3137E-10  8.0798E-11  5.7080E-09  1.6119E-11  7.8596E-36  0.0000E+00  0.0000E+00  0.0000E+00  0.0000E+00
Sr91  4.9222E-16  2.4233E-15  5.8533E-14  1.5865E-14  0.0000E+00  0.0000E+00  0.0000E+00  0.0000E+00  0.0000E+00
Y85   2.4420E-16  6.6197E-16  1.2102E-15  2.7277E-15  0.0000E+00  0.0000E+00  0.0000E+00  0.0000E+00  0.0000E+00
Y86   9.7661E-15  1.1884E-14  5.3352E-14  1.2392E-13  0.0000E+00  0.0000E+00  0.0000E+00  0.0000E+00  0.0000E+00
Y87   4.6771E-13  1.1211E-12  2.4720E-12  6.3375E-12  0.0000E+00  0.0000E+00  0.0000E+00  0.0000E+00  0.0000E+00
Y88   9.7413E-13  1.2513E-12  5.4828E-12  1.4619E-11  0.0000E+00  0.0000E+00  0.0000E+00  0.0000E+00  0.0000E+00
Y89   3.8307E-09  1.9625E-09  4.8493E-09  1.8946E-09  2.4569E-11  1.6359E-10  1.9194E-10  2.7931E-10  4.8042E-10
Y90   4.2926E-13  9.8634E-13  4.7976E-12  1.4937E-11  0.0000E+00  0.0000E+00  0.0000E+00  0.0000E+00  0.0000E+00
Y91   5.5513E-13  2.0162E-12  1.3907E-11  1.9113E-11  0.0000E+00  0.0000E+00  0.0000E+00  0.0000E+00  0.0000E+00
Zr90  2.8552E-09  1.5739E-09  3.9433E-09  1.4005E-09  2.9965E-11  1.9951E-10  2.3408E-10  3.4064E-10  5.8583E-10
Zr91  6.8824E-10  3.4093E-10  2.5530E-09  2.1377E-10  6.6071E-12  4.3994E-11  5.1617E-11  7.5112E-11  1.2918E-10
Zr92  1.0755E-09  4.7621E-10  4.1287E-09  3.1841E-10  1.0210E-11  6.7984E-11  7.9764E-11  1.1607E-10  1.9962E-10
Zr93  2.9083E-10  1.1842E-10  1.2325E-09  6.6791E-11  2.3570E-16  9.2784E-25  3.7051E-23  2.9232E-19  9.2608E-15
Zr94  8.3885E-10  3.2569E-10  3.4697E-09  2.2386E-10  1.0572E-11  7.0393E-11  8.2591E-11  1.2019E-10  2.0669E-10
Zr95  3.2972E-11  2.5748E-11  8.6307E-10  1.1120E-11  7.6434E-44  0.0000E+00  1.2037E-38  6.8730E-38  1.9642E-36
Zr96  6.4172E-11  2.8995E-11  3.5722E-09  7.2982E-12  2.0378E-43  0.0000E+00  0.0000E+00  0.0000E+00  0.0000E+00
Zr97  6.9020E-17  2.6807E-16  5.5899E-15  7.7635E-16  0.0000E+00  0.0000E+00  0.0000E+00  0.0000E+00  0.0000E+00
Nb91  4.2181E-13  1.2690E-12  2.1511E-12  4.0805E-12  0.0000E+00  0.0000E+00  0.0000E+00  0.0000E+00  0.0000E+00
Nb92  3.0194E-14  7.3462E-14  1.8292E-13  3.8833E-13  0.0000E+00  0.0000E+00  0.0000E+00  0.0000E+00  0.0000E+00
Nb93  1.5800E-11  1.8039E-11  2.4355E-11  3.0122E-11  4.5648E-12  3.0398E-11  3.5665E-11  5.1900E-11  8.9240E-11
Nb94  5.6461E-15  3.6282E-14  3.2130E-14  5.1755E-14  6.2434E-24  2.2740E-29  3.7329E-30  1.0626E-29  1.2644E-27
Nb95  1.1571E-11  2.6609E-12  1.2182E-11  1.2917E-12  2.0863E-44  0.0000E+00  6.5696E-39  3.7413E-38  1.0731E-36
Nb96  4.7031E-15  3.4812E-15  2.2744E-13  1.2540E-13  0.0000E+00  0.0000E+00  0.0000E+00  0.0000E+00  0.0000E+00
Nb97  6.0434E-17  3.4024E-16  2.8383E-15  5.1508E-15  0.0000E+00  0.0000E+00  0.0000E+00  0.0000E+00  0.0000E+00
Mo92  9.4046E-12  7.3203E-12  2.1715E-11  3.2172E-11  1.7253E-12  1.1488E-11  1.3479E-11  1.9615E-11  3.3727E-11
Mo93  1.4281E-13  4.0892E-14  5.1546E-13  9.2825E-13  2.1063E-20  1.4527E-30  2.9986E-31  5.4237E-32  7.0458E-26
Mo94  5.9082E-12  4.9432E-12  1.2814E-11  2.0126E-11  1.1107E-12  7.3952E-12  8.6767E-12  1.2626E-11  2.1711E-11
Mo95  5.3008E-11  1.5426E-11  6.0071E-11  1.9604E-11  1.9427E-12  1.2935E-11  1.5177E-11  2.2085E-11  3.7977E-11
Mo96  1.6630E-10  5.9643E-11  1.7614E-10  5.6024E-11  3.8060E-12  2.5342E-11  2.9733E-11  4.3267E-11  7.4404E-11
Mo97  5.7014E-11  2.0884E-11  1.6609E-10  1.6288E-11  1.2022E-12  8.0049E-12  9.3919E-12  1.3667E-11  2.3502E-11
Mo98  1.7091E-10  6.1014E-11  5.3177E-10  4.9869E-11  3.0865E-12  2.0550E-11  2.4111E-11  3.5086E-11  6.0337E-11
Xe132  2.8671E-10  1.1799E-10  9.9773E-10  1.2752E-10  1.0352E-11  6.8929E-11  8.0875E-11  1.1769E-10  2.0237E-10
Xe133  2.8640E-12  6.1725E-12  2.8184E-10  2.3234E-12  1.3973E-44  0.0000E+00  2.1602E-39  1.2318E-38  3.4890E-37
Xe134  3.9866E-11  2.7738E-11  1.2656E-09  2.8453E-11  3.8802E-12  2.5838E-11  3.0315E-11  4.4114E-11  7.5851E-11
Xe135  6.8388E-15  2.8174E-14  1.9742E-13  3.9950E-14  0.0000E+00  0.0000E+00  0.0000E+00  0.0000E+00  0.0000E+00
Cs133  4.0520E-11  1.7267E-11  8.2508E-11  2.4802E-11  2.7216E-12  1.8122E-11  2.1262E-11  3.0941E-11  5.3204E-11
Cs134  7.5872E-12  3.0441E-12  4.6639E-12  7.9146E-13  5.2851E-42  5.8841E-39  6.7806E-37  3.8972E-36  1.1000E-34
Cs135  3.6709E-11  1.1673E-11  1.7602E-10  3.2717E-12  8.2758E-18  2.2706E-25  6.6634E-24  1.0188E-20  3.3915E-17
Cs136  2.5817E-12  3.1175E-12  1.0199E-10  5.5188E-13  0.0000E+00  0.0000E+00  0.0000E+00  0.0000E+00  3.2640E-41
Cs137  3.5814E-11  1.2631E-11  1.1388E-09  7.8191E-13  2.3177E-37  0.0000E+00  0.0000E+00  0.0000E+00  0.0000E+00
Cs138  1.4751E-22  3.8402E-22  3.6485E-17  6.0669E-21  0.0000E+00  0.0000E+00  0.0000E+00  0.0000E+00  0.0000E+00
Ba134  5.6889E-11  1.5228E-11  8.6061E-11  2.5695E-11  8.3463E-13  5.5557E-12  6.5183E-12  9.4855E-12  1.6314E-11
Ba135  2.5974E-11  1.3884E-11  4.1041E-11  1.9825E-11  2.2925E-12  1.5265E-11  1.7911E-11  2.6063E-11  4.4817E-11
Ba136  1.9351E-10  6.0474E-11  2.5252E-10  7.1423E-11  2.7524E-12  1.8322E-11  2.1497E-11  3.1283E-11  5.3801E-11
Ba137  1.4317E-10  5.0180E-11  1.8621E-10  5.6985E-11  3.9644E-12  2.6395E-11  3.0970E-11  4.5065E-11  7.7496E-11
Ba138  6.7472E-10  2.9024E-10  1.8644E-09  4.1738E-10  2.5491E-11  1.6972E-10  1.9913E-10  2.8977E-10  4.9832E-10
Ba139  6.2891E-17  1.0925E-16  3.9932E-16  4.2556E-17  0.0000E+00  0.0000E+00  0.0000E+00  0.0000E+00  0.0000E+00
La138  1.2495E-14  1.4382E-14  2.0931E-14  2.7579E-14  2.6909E-15  1.7917E-14  2.1022E-14  3.0591E-14  5.2603E-14
La139  6.0801E-11  2.9164E-11  1.8308E-10  4.6407E-11  2.9757E-12  1.9814E-11  2.3248E-11  3.3830E-11  5.8176E-11
La140  9.2492E-16  1.3969E-15  6.7014E-15  3.4123E-16  0.0000E+00  0.0000E+00  0.0000E+00  0.0000E+00  0.0000E+00
Ce140  9.3942E-11  5.9703E-11  3.2938E-10  1.0387E-10  8.0134E-12  5.3357E-11  6.2602E-11  9.1098E-11  1.5665E-10
Ce141  7.8288E-13  8.9159E-13  2.4576E-10  1.3012E-13  1.0793E-45  0.0000E+00  1.4206E-39  8.0793E-39  2.3033E-37
Pr141  1.0090E-11  7.0209E-12  1.6822E-11  1.2944E-11  1.2595E-12  8.3864E-12  9.8396E-12  1.4318E-11  2.4621E-11
Pr142  4.1041E-15  6.9413E-15  3.1865E-14  4.2538E-15  0.0000E+00  0.0000E+00  0.0000E+00  0.0000E+00  0.0000E+00
Nd142  2.0897E-11  1.4601E-11  3.7134E-11  3.2805E-11  1.7193E-12  1.1448E-11  1.3431E-11  1.9545E-11  3.3610E-11
Nd143  4.3073E-12  3.8649E-12  6.9871E-12  6.0668E-12  7.6968E-13  5.1252E-12  6.0132E-12  8.7504E-12  1.5047E-11
Nd144  9.8743E-12  8.5111E-12  1.6944E-11  1.4491E-11  1.5297E-12  1.0186E-11  1.1951E-11  1.7391E-11  2.9905E-11
Hg202  1.2258E-11  1.0215E-11  2.3213E-11  1.8296E-11  1.5186E-12  1.0111E-11  1.1863E-11  1.7263E-11  2.9686E-11
Hg203  3.7331E-14  1.5183E-13  2.5390E-12  4.4277E-14  6.4495E-45  0.0000E+00  2.6935E-39  1.5337E-38  4.3667E-37
Hg204  1.3435E-12  1.5176E-12  6.1593E-12  2.2859E-12  3.5281E-13  2.3493E-12  2.7563E-12  4.0110E-12  6.8971E-12
Hg205  2.8870E-24  3.9667E-23  7.3022E-20  9.5659E-21  0.0000E+00  0.0000E+00  0.0000E+00  0.0000E+00  0.0000E+00
Tl203  5.7724E-12  4.9876E-12  9.5147E-12  9.5716E-12  8.1031E-13  5.3954E-12  6.3303E-12  9.2118E-12  1.5841E-11
Tl204  5.7186E-13  4.1436E-13  9.5237E-13  3.1807E-13  4.2187E-43  1.0382E-39  1.0364E-37  5.9673E-37  1.6918E-35
Tl205  9.9239E-12  1.0057E-11  1.9783E-11  1.8340E-11  1.9534E-12  1.3006E-11  1.5260E-11  2.2206E-11  3.8185E-11
Tl206  3.8335E-23  1.9742E-21  4.0436E-20  2.5396E-19  0.0000E+00  0.0000E+00  0.0000E+00  0.0000E+00  0.0000E+00
Pb204  4.5224E-12  3.8097E-12  8.0473E-12  9.5826E-12  3.9001E-13  2.5964E-12  3.0463E-12  4.4329E-12  7.6235E-12
Pb205  1.4128E-12  9.8211E-13  1.4817E-12  1.5457E-12  1.9822E-23  1.2678E-27  2.4631E-27  2.6046E-26  2.0020E-24
Pb206  2.8594E-11  2.8042E-11  5.6199E-11  5.1678E-11  3.6640E-12  2.4396E-11  2.8624E-11  4.1653E-11  7.1629E-11
Pb207  2.5704E-11  2.7336E-11  5.6053E-11  4.9203E-11  4.0742E-12  2.7128E-11  3.1828E-11  4.6317E-11  7.9648E-11
Pb208  6.1787E-11  7.0477E-11  1.3101E-10  1.2852E-10  1.1718E-11  7.8023E-11  9.1544E-11  1.3321E-10  2.2907E-10
Pb209  4.7837E-19  7.6276E-19  2.8554E-18  1.4509E-18  0.0000E+00  0.0000E+00  0.0000E+00  0.0000E+00  0.0000E+00
Bi208  4.2994E-13  6.1013E-13  9.3489E-13  1.2126E-12  0.0000E+00  0.0000E+00  0.0000E+00  0.0000E+00  0.0000E+00
Bi209  6.7257E-12  7.9246E-12  1.1817E-11  1.3474E-11  1.5890E-12  1.0580E-11  1.2414E-11  1.8064E-11  3.1062E-11
