#v=300 km/s  [Fe/H]=-1
Isotope 13MSun 15MSun 20MSun 25MSun 30MSun 40MSun 60MSun 80MSun 120MSun
H     4.3642E+00  4.8603E+00  6.1510E+00  7.5201E+00  8.0821E+00  1.0565E+01  1.4607E+01  1.8618E+01  2.6335E+01
H2    1.4260E-16  2.0333E-16  1.8231E-13  3.7178E-12  1.5827E-11  1.4717E-10  5.0854E-09  1.2725E-08  6.3290E-07
H3    2.5316E-28  1.8587E-23  1.2609E-17  1.1087E-15  6.8293E-15  1.4996E-13  8.2475E-13  2.8049E-12  5.9368E-12
He3   1.3076E-04  1.3297E-04  5.4424E-05  8.1570E-05  7.4067E-05  1.2097E-04  3.2307E-04  5.9377E-04  1.0202E-03
He4   3.6231E+00  4.2706E+00  6.2033E+00  6.1413E+00  5.9163E+00  8.4737E+00  1.6389E+01  2.7503E+01  5.0702E+01
Li6   1.1138E-13  2.1645E-13  5.7529E-13  1.2675E-12  1.9840E-12  3.8973E-12  2.2564E-12  3.3181E-12  7.2522E-12
Li7   3.5698E-12  9.5577E-12  1.4467E-11  8.7623E-11  1.0120E-10  9.1851E-10  6.2719E-08  6.7367E-11  1.3506E-10
Be7   1.0090E-12  1.9522E-12  3.0368E-13  6.6311E-13  9.3148E-12  6.2543E-11  6.9705E-09  5.2112E-12  9.3761E-12
Be9   2.7024E-14  5.1696E-14  1.3906E-13  2.9977E-13  4.6577E-13  9.3507E-13  5.1507E-13  6.9672E-13  1.5751E-12
Be10  8.4003E-60  8.8527E-60  1.4174E-59  1.5348E-59  0.0000E+00  0.0000E+00  0.0000E+00  4.0685E-37  0.0000E+00
B10   1.7198E-13  3.2956E-13  8.8583E-13  1.8777E-12  2.9260E-12  5.8691E-12  3.7221E-12  4.3060E-12  9.9597E-12
B11   5.5368E-11  5.8555E-11  3.1857E-11  5.2760E-11  7.5212E-11  1.4597E-10  2.3730E-10  1.3759E-10  4.1183E-10
C12   1.5290E-01  2.1000E-01  6.6340E-01  9.1234E-01  9.0736E-04  9.4795E-02  1.1596E+00  1.4530E+00  1.9531E+00
C13   1.6878E-04  5.9355E-04  1.3544E-04  2.0420E-04  1.6399E-04  3.6307E-03  3.2725E-03  1.4922E-03  9.4294E-04
C14   5.7755E-04  2.8487E-03  4.8049E-03  1.2832E-02  6.1834E-17  1.4202E-11  6.5985E-12  1.5818E-12  1.3852E-11
N13   7.2944E-13  1.2609E-13  2.8512E-11  5.4241E-12  3.3395E-14  1.7854E-12  7.3454E-14  2.8051E-14  2.7977E-14
N14   5.2053E-02  6.4884E-02  5.1892E-02  4.1839E-02  2.9447E-02  8.9228E-02  6.0077E-02  6.6960E-02  1.2438E-01
N15   3.3383E-04  1.6643E-03  2.9011E-03  1.7964E-03  6.8630E-07  1.9044E-06  1.4917E-06  1.6703E-06  3.1672E-06
N16   2.5057E-30  2.3510E-27  8.1977E-25  1.9837E-27  0.0000E+00  0.0000E+00  0.0000E+00  0.0000E+00  0.0000E+00
O15   1.9888E-16  1.8164E-17  1.1528E-15  2.6254E-16  4.9452E-15  7.2984E-14  1.9385E-15  2.6368E-15  4.4424E-15
O16   1.2923E+00  1.7035E+00  3.1662E+00  5.5874E+00  1.3800E-02  7.6183E-02  2.0485E-01  2.3084E-01  3.0522E-01
O17   1.7708E-04  4.4792E-04  5.7796E-04  7.6624E-04  1.7625E-05  3.4915E-05  1.3635E-05  1.5929E-05  1.9836E-05
O18   5.4641E-02  7.6466E-02  8.8260E-02  3.9273E-02  6.9185E-06  1.0471E-05  3.9269E-05  7.2059E-05  1.1307E-04
O19   1.1532E-21  3.1972E-20  9.4572E-21  3.2866E-20  0.0000E+00  0.0000E+00  0.0000E+00  0.0000E+00  0.0000E+00
F17   8.3172E-17  7.3981E-18  1.6013E-15  2.5144E-16  1.5286E-17  3.8305E-16  7.1555E-19  5.9564E-19  1.2928E-18
F18   7.7503E-07  3.9061E-06  4.5438E-06  7.5673E-07  4.7610E-18  1.1499E-16  1.2682E-19  1.2894E-19  1.0694E-16
F19   2.1958E-05  1.1480E-04  2.6607E-04  1.0252E-03  1.5743E-07  2.7870E-07  3.1376E-06  6.1112E-06  8.1668E-06
F20   6.0710E-23  8.3359E-22  1.3354E-21  6.5550E-20  0.0000E+00  0.0000E+00  0.0000E+00  0.0000E+00  0.0000E+00
Ne20  5.9235E-02  4.1431E-02  7.6476E-02  7.2740E-01  1.5491E-03  2.1473E-03  3.4786E-03  5.0410E-03  8.1517E-03
Ne21  6.5596E-04  6.3327E-04  1.2606E-03  1.4882E-03  5.5662E-06  9.7639E-06  1.0372E-05  1.0659E-05  1.3375E-05
Ne22  5.8340E-02  8.8871E-02  1.3179E-01  1.5136E-01  1.0720E-04  1.3353E-03  1.4496E-02  2.1065E-02  2.9667E-02
Ne23  4.2745E-14  4.4878E-13  7.4365E-15  2.9213E-14  0.0000E+00  0.0000E+00  0.0000E+00  0.0000E+00  0.0000E+00
Na21  4.0705E-16  1.2158E-15  2.3505E-17  2.8782E-14  0.0000E+00  0.0000E+00  0.0000E+00  0.0000E+00  0.0000E+00
Na22  8.9097E-08  1.3518E-07  4.2930E-07  4.7754E-06  2.4279E-18  2.1182E-16  1.8665E-18  3.4969E-18  2.1006E-17
Na23  1.1862E-03  1.6053E-03  3.5536E-03  8.9238E-03  2.5003E-04  4.0501E-04  6.8540E-04  1.0577E-03  2.0292E-03
Na24  1.3791E-09  3.1253E-09  2.2749E-05  5.7580E-06  0.0000E+00  0.0000E+00  0.0000E+00  0.0000E+00  0.0000E+00
Mg23  3.1786E-14  1.0592E-13  1.3885E-16  3.4444E-14  0.0000E+00  0.0000E+00  0.0000E+00  0.0000E+00  0.0000E+00
Mg24  9.3096E-03  7.4541E-03  2.2570E-02  1.3281E-01  1.3892E-03  1.9111E-03  3.2144E-03  4.7544E-03  7.8991E-03
Mg25  1.5105E-02  1.4747E-02  1.7001E-02  1.4345E-02  8.9007E-05  1.2547E-04  2.0163E-04  2.9956E-04  4.2249E-04
Mg26  2.9656E-02  3.1446E-02  3.2133E-02  1.8246E-02  2.4521E-04  3.2606E-04  4.4745E-04  5.1982E-04  6.8528E-04
Mg27  7.5992E-11  1.6941E-10  2.3713E-11  3.0059E-12  0.0000E+00  0.0000E+00  0.0000E+00  0.0000E+00  0.0000E+00
Al25  5.0759E-19  1.3164E-18  4.3422E-19  3.8691E-17  0.0000E+00  0.0000E+00  0.0000E+00  0.0000E+00  0.0000E+00
Al26  1.1150E-05  1.2343E-05  3.9034E-05  1.4360E-04  2.4675E-06  3.8218E-06  5.4188E-06  1.0917E-05  3.5250E-05
Alg6  1.0954E-06  4.5029E-07  7.5131E-06  1.1722E-06  2.4675E-06  3.8218E-06  5.4188E-06  1.0917E-05  3.5250E-05
Alm6  8.5250E-14  9.7817E-15  7.1539E-14  7.8375E-17  2.2446E-23  4.2717E-22  5.3627E-24  9.5107E-24  2.3953E-20
Al27  6.3205E-04  8.2131E-04  5.2294E-03  1.4659E-02  1.3989E-04  2.2509E-04  5.1987E-04  8.9624E-04  1.7323E-03
Al28  1.6455E-12  4.7354E-12  1.8846E-13  1.5678E-13  0.0000E+00  0.0000E+00  0.0000E+00  0.0000E+00  0.0000E+00
Si27  3.8325E-18  6.8483E-18  3.8993E-22  8.2993E-19  0.0000E+00  0.0000E+00  0.0000E+00  0.0000E+00  0.0000E+00
Si28  3.6926E-01  4.7193E-01  1.6719E-01  2.4233E-01  2.2222E-03  3.0553E-03  5.1393E-03  7.5927E-03  1.2601E-02
Si29  6.1632E-04  1.3088E-03  1.0848E-02  6.0953E-03  1.1683E-04  1.6108E-04  2.7254E-04  4.0101E-04  6.6433E-04
Si30  2.4144E-04  5.8397E-04  1.7368E-02  7.9129E-03  7.9715E-05  1.1013E-04  1.8775E-04  2.7695E-04  4.5955E-04
Si31  3.2847E-10  2.1563E-09  1.3614E-06  1.1757E-07  0.0000E+00  0.0000E+00  0.0000E+00  0.0000E+00  0.0000E+00
Si32  5.7639E-11  6.2004E-10  8.7375E-07  3.5296E-08  0.0000E+00  0.0000E+00  0.0000E+00  0.0000E+00  0.0000E+00
P29   1.2347E-20  7.2693E-20  1.4353E-22  4.3671E-19  0.0000E+00  0.0000E+00  0.0000E+00  0.0000E+00  0.0000E+00
P30   6.4825E-14  1.6730E-13  2.0478E-14  7.0396E-13  0.0000E+00  0.0000E+00  0.0000E+00  0.0000E+00  0.0000E+00
P31   7.8185E-04  1.6665E-03  2.9407E-03  2.1520E-03  8.2577E-06  1.1665E-05  2.1561E-05  3.1492E-05  5.1760E-05
P32   1.6850E-06  1.6527E-06  1.7334E-05  3.8490E-06  8.6127E-21  1.3481E-31  8.1638E-33  6.3916E-33  3.3796E-15
P33   9.5335E-07  1.0647E-06  7.8798E-06  1.0602E-06  2.4163E-21  0.0000E+00  0.0000E+00  0.0000E+00  8.8641E-16
P34   4.0440E-21  1.3381E-20  3.0832E-22  2.6633E-22  0.0000E+00  0.0000E+00  0.0000E+00  0.0000E+00  0.0000E+00
S31   8.5740E-24  6.9313E-24  5.5398E-28  6.2946E-23  0.0000E+00  0.0000E+00  0.0000E+00  0.0000E+00  0.0000E+00
S32   3.0103E-01  4.0297E-01  7.1702E-02  8.2766E-02  9.2725E-04  1.2728E-03  2.1283E-03  3.1448E-03  5.2191E-03
S33   8.7335E-04  2.1484E-03  1.0646E-03  1.0170E-03  7.7109E-06  1.2212E-05  3.0508E-05  4.2808E-05  6.8857E-05
S34   5.4540E-03  2.0062E-02  1.4140E-02  6.1364E-03  4.4532E-05  6.1563E-05  1.0444E-04  1.5380E-04  2.5490E-04
S35   9.6073E-07  3.3958E-06  1.3945E-05  3.8721E-06  5.6387E-21  2.3479E-30  1.1413E-31  8.1280E-32  1.8764E-15
S36   3.7459E-07  1.0982E-06  1.4282E-05  3.5103E-06  2.1979E-07  3.0211E-07  5.0747E-07  7.4930E-07  1.2431E-06
S37   4.5967E-18  1.2566E-17  1.7127E-18  2.5166E-18  0.0000E+00  0.0000E+00  0.0000E+00  0.0000E+00  0.0000E+00
Cl33  1.9185E-25  1.4796E-24  2.8362E-25  7.1080E-23  0.0000E+00  0.0000E+00  0.0000E+00  0.0000E+00  0.0000E+00
Cl34  2.9514E-25  2.3066E-24  1.6827E-28  3.2905E-24  0.0000E+00  0.0000E+00  0.0000E+00  0.0000E+00  0.0000E+00
Cl35  8.2063E-04  2.0876E-03  5.3229E-04  5.0226E-04  8.6730E-06  1.1864E-05  1.9533E-05  2.8911E-05  4.8053E-05
Cl36  7.3658E-06  2.3129E-05  9.6896E-06  4.4717E-06  7.7707E-10  2.7707E-08  2.9626E-07  4.0357E-07  6.4032E-07
Cl37  1.6724E-05  4.0148E-05  3.5280E-05  4.0634E-05  2.9760E-06  5.1800E-06  1.6136E-05  2.2395E-05  3.5422E-05
Cl38  2.5200E-13  3.9456E-13  7.0877E-11  3.8704E-12  0.0000E+00  0.0000E+00  0.0000E+00  0.0000E+00  0.0000E+00
Ar36  6.8899E-02  9.5238E-02  1.0180E-02  1.3757E-02  1.7710E-04  2.4236E-04  3.9993E-04  5.9186E-04  9.8349E-04
Ar37  2.8886E-04  6.4283E-04  6.1170E-05  5.8822E-05  2.2780E-20  1.7033E-20  4.9254E-23  2.5891E-17  3.6868E-15
Ar38  1.2416E-02  4.6997E-02  6.3015E-03  2.4461E-03  3.3995E-05  4.6720E-05  7.8259E-05  1.1562E-04  1.9186E-04
Ar39  1.2503E-06  5.9422E-06  1.4218E-06  3.1738E-06  2.2699E-20  1.4163E-22  7.8444E-25  3.0189E-22  2.8332E-15
Ar40  4.7027E-07  4.2447E-07  1.4808E-06  2.4624E-06  5.7265E-08  7.9266E-08  1.4081E-07  2.2189E-07  3.6310E-07
Ar41  1.1350E-13  1.7094E-13  5.5813E-09  1.5151E-10  0.0000E+00  0.0000E+00  0.0000E+00  0.0000E+00  0.0000E+00
K37   6.5636E-35  1.9216E-33  1.9168E-34  6.1064E-32  0.0000E+00  0.0000E+00  0.0000E+00  0.0000E+00  0.0000E+00
K38   2.7615E-20  9.2599E-19  2.3489E-16  1.7223E-14  0.0000E+00  0.0000E+00  0.0000E+00  0.0000E+00  0.0000E+00
K39   1.7521E-03  4.6376E-03  2.8828E-04  2.2532E-04  4.0275E-06  5.5785E-06  9.6658E-06  1.4225E-05  2.3529E-05
K40   1.7691E-06  7.1383E-06  1.3258E-06  1.8220E-06  7.6257E-09  3.7967E-08  2.5273E-07  3.2882E-07  5.0351E-07
K41   1.1337E-06  2.3299E-06  2.1226E-06  3.2896E-06  3.0589E-07  4.3652E-07  7.8979E-07  1.1375E-06  1.8711E-06
K42   1.2025E-10  1.7116E-09  2.6273E-07  6.3533E-08  0.0000E+00  0.0000E+00  0.0000E+00  0.0000E+00  0.0000E+00
Ca40  7.7406E-02  1.0804E-01  7.8803E-03  1.1645E-02  1.9641E-04  2.6911E-04  4.4654E-04  6.6039E-04  1.0969E-03
Ca41  1.7750E-04  4.8020E-04  1.6292E-05  1.5775E-05  2.3238E-08  4.8804E-07  4.7014E-06  6.3964E-06  9.6941E-06
Ca42  5.4796E-04  2.2552E-03  2.0691E-04  8.4878E-05  1.3865E-06  2.2320E-06  5.4464E-06  7.5903E-06  1.2245E-05
Ca43  2.0329E-06  1.0160E-05  2.1741E-06  4.0218E-06  2.9514E-07  4.5926E-07  9.5700E-07  1.3451E-06  2.1864E-06
Ca44  6.8808E-06  9.5029E-06  1.3848E-05  2.6652E-05  4.6500E-06  6.4426E-06  1.0810E-05  1.5929E-05  2.6399E-05
Ca45  3.7658E-07  1.1548E-07  5.4049E-07  1.3749E-06  1.9608E-20  1.9795E-29  5.8801E-31  4.1609E-31  6.0102E-15
Ca46  3.2049E-07  3.9476E-08  7.6197E-07  7.0461E-07  9.3203E-09  1.2777E-08  2.1255E-08  3.1493E-08  5.2278E-08
Ca47  3.5391E-08  7.8613E-10  2.5940E-07  1.0773E-08  4.9528E-22  1.9218E-34  2.1665E-35  1.4926E-35  8.6637E-17
Ca48  2.9113E-07  3.2947E-07  5.0380E-07  5.6044E-07  4.5472E-07  6.2477E-07  1.0480E-06  1.5477E-06  2.5679E-06
Ca49  5.8848E-17  1.2807E-16  3.0920E-17  3.9049E-17  0.0000E+00  0.0000E+00  0.0000E+00  0.0000E+00  0.0000E+00
Sc41  3.0996E-49  5.1630E-47  4.8612E-47  2.4943E-44  0.0000E+00  0.0000E+00  0.0000E+00  0.0000E+00  0.0000E+00
Sc42  2.6585E-40  7.6737E-39  7.0368E-44  3.9975E-39  0.0000E+00  0.0000E+00  0.0000E+00  0.0000E+00  0.0000E+00
Sc43  9.0768E-08  1.8239E-07  4.2466E-08  4.4509E-08  0.0000E+00  0.0000E+00  0.0000E+00  0.0000E+00  0.0000E+00
Sc44  7.1857E-08  3.4574E-07  5.4461E-09  8.5479E-09  0.0000E+00  0.0000E+00  0.0000E+00  0.0000E+00  0.0000E+00
Sc45  2.9973E-06  6.0931E-06  1.7706E-06  4.1500E-06  6.6223E-08  1.0449E-07  2.5232E-07  3.6044E-07  5.7540E-07
Sc46  1.5818E-08  4.7248E-08  1.3329E-07  6.0018E-07  1.7511E-21  9.7948E-30  1.3982E-31  1.3946E-31  7.8220E-16
Sc47  2.4058E-08  1.2162E-08  1.8802E-07  1.4092E-07  8.9468E-22  1.5049E-34  1.6515E-35  1.1376E-35  5.2925E-16
Sc48  6.9519E-11  1.0203E-10  1.5572E-07  2.0872E-08  0.0000E+00  0.0000E+00  0.0000E+00  0.0000E+00  0.0000E+00
Sc49  1.4686E-14  2.3349E-14  7.2583E-10  8.5067E-12  0.0000E+00  0.0000E+00  0.0000E+00  0.0000E+00  0.0000E+00
Ti44  5.2187E-05  6.7634E-05  3.3004E-05  5.3709E-05  0.0000E+00  0.0000E+00  0.0000E+00  0.0000E+00  0.0000E+00
Ti45  6.8064E-07  1.1783E-06  9.1335E-08  1.2179E-07  0.0000E+00  0.0000E+00  0.0000E+00  0.0000E+00  0.0000E+00
Ti46  3.9900E-04  1.0166E-03  8.3324E-05  4.5742E-05  6.9824E-07  9.7162E-07  1.6634E-06  2.4435E-06  4.0467E-06
Ti47  5.3642E-06  2.2359E-05  4.4711E-06  6.3957E-06  6.4274E-07  8.7762E-07  1.4032E-06  2.0778E-06  3.4657E-06
Ti48  5.1469E-06  9.1434E-06  9.5777E-06  1.4836E-05  6.5049E-06  8.8575E-06  1.4207E-05  2.1080E-05  3.5127E-05
Ti49  2.0029E-06  2.3840E-06  4.4127E-06  1.1154E-05  4.9118E-07  7.3718E-07  1.8303E-06  2.6364E-06  4.2243E-06
Ti50  1.1491E-05  1.3330E-05  2.8586E-05  4.2996E-05  4.7784E-07  7.0498E-07  1.4384E-06  2.0579E-06  3.3618E-06
Ti51  9.0811E-14  2.2108E-13  3.6004E-14  2.8822E-14  0.0000E+00  0.0000E+00  0.0000E+00  0.0000E+00  0.0000E+00
V45   3.9799E-53  5.2494E-44  3.5998E-57  6.1645E-51  0.0000E+00  0.0000E+00  0.0000E+00  0.0000E+00  0.0000E+00
V46   2.0692E-56  3.4136E-49  1.4747E-59  3.1559E-53  0.0000E+00  0.0000E+00  0.0000E+00  0.0000E+00  0.0000E+00
V47   2.7397E-10  4.1758E-10  1.7189E-10  1.9824E-10  0.0000E+00  0.0000E+00  0.0000E+00  0.0000E+00  0.0000E+00
V48   8.8644E-07  3.1559E-06  2.3109E-07  1.4293E-07  0.0000E+00  0.0000E+00  0.0000E+00  0.0000E+00  0.0000E+00
V49   8.7557E-06  1.6801E-05  4.1937E-06  3.4011E-06  0.0000E+00  0.0000E+00  0.0000E+00  0.0000E+00  0.0000E+00
V50   2.1811E-08  9.4304E-08  1.2259E-07  3.3154E-07  1.0994E-09  1.4917E-09  2.3396E-09  3.4768E-09  5.8089E-09
V51   1.2603E-06  2.2030E-06  6.0697E-06  5.1619E-06  4.4796E-07  6.1571E-07  1.0468E-06  1.5469E-06  2.5558E-06
V52   3.2224E-14  8.5423E-14  1.0777E-14  1.0538E-14  0.0000E+00  0.0000E+00  0.0000E+00  0.0000E+00  0.0000E+00
Cr48  8.9102E-05  1.1304E-04  8.5732E-05  1.0931E-04  0.0000E+00  0.0000E+00  0.0000E+00  0.0000E+00  0.0000E+00
Cr49  1.5145E-08  2.6010E-08  7.7057E-09  4.6647E-09  0.0000E+00  0.0000E+00  0.0000E+00  0.0000E+00  0.0000E+00
Cr50  7.4782E-04  1.2228E-03  1.2332E-04  5.9278E-05  9.7995E-07  1.3292E-06  2.0801E-06  3.0911E-06  5.1660E-06
Cr51  3.6644E-05  9.2363E-05  1.5081E-05  6.0641E-06  2.9174E-22  2.4678E-21  1.7945E-23  1.5039E-18  3.6568E-18
Cr52  2.0808E-04  1.7548E-04  8.0943E-05  4.2139E-05  1.9671E-05  2.6969E-05  4.4914E-05  6.6408E-05  1.1026E-04
Cr53  2.0488E-06  2.3037E-06  3.2563E-06  3.9444E-06  2.2725E-06  3.1080E-06  5.0832E-06  7.5146E-06  1.2506E-05
Cr54  4.7796E-06  5.4308E-06  1.1516E-05  7.2954E-06  5.8053E-07  8.9008E-07  2.1368E-06  3.0408E-06  4.8934E-06
Cr55  4.2599E-14  1.1896E-13  1.1241E-14  5.0714E-15  0.0000E+00  0.0000E+00  0.0000E+00  0.0000E+00  0.0000E+00
Mn50  8.4003E-60  4.3302E-58  1.4174E-59  1.5348E-59  0.0000E+00  0.0000E+00  0.0000E+00  0.0000E+00  0.0000E+00
Mn51  3.7149E-08  6.7396E-08  2.3075E-08  7.4905E-09  0.0000E+00  0.0000E+00  0.0000E+00  0.0000E+00  0.0000E+00
Mn52  2.0037E-04  2.8146E-04  1.5085E-04  1.2015E-04  0.0000E+00  0.0000E+00  0.0000E+00  0.0000E+00  0.0000E+00
Mn53  2.2485E-04  2.3534E-04  8.6790E-05  3.9394E-05  0.0000E+00  0.0000E+00  0.0000E+00  0.0000E+00  0.0000E+00
Mn54  2.2403E-06  1.2772E-06  4.2173E-07  4.6226E-07  0.0000E+00  0.0000E+00  0.0000E+00  0.0000E+00  0.0000E+00
Mn55  1.0944E-05  1.1517E-05  1.6693E-05  1.5734E-05  1.5338E-05  2.1392E-05  3.9905E-05  5.8357E-05  9.5518E-05
Mn56  7.7821E-11  1.3126E-10  3.2765E-08  8.0965E-09  0.0000E+00  0.0000E+00  0.0000E+00  0.0000E+00  0.0000E+00
Mn57  1.6069E-19  7.9457E-19  2.8097E-20  5.5890E-21  0.0000E+00  0.0000E+00  0.0000E+00  0.0000E+00  0.0000E+00
Fe52  5.9600E-04  8.3772E-04  4.5411E-04  3.6209E-04  0.0000E+00  0.0000E+00  0.0000E+00  0.0000E+00  0.0000E+00
Fe53  1.7582E-18  1.9479E-15  9.7675E-17  2.0720E-14  0.0000E+00  0.0000E+00  0.0000E+00  0.0000E+00  0.0000E+00
Fe54  3.0095E-02  1.7248E-02  4.6581E-03  1.9191E-03  1.0316E-04  1.4022E-04  2.2282E-04  3.3086E-04  5.5189E-04
Fe55  1.0410E-03  5.9198E-04  1.4631E-04  5.7810E-05  6.3322E-15  8.3050E-13  1.7088E-10  9.2687E-11  7.6783E-10
Fe56  3.3959E-03  2.9380E-03  1.8550E-03  1.7019E-03  1.6805E-03  2.3021E-03  3.8224E-03  5.6545E-03  9.3904E-03
Fe57  3.3883E-05  4.0440E-05  4.4784E-05  5.2924E-05  3.9673E-05  5.7920E-05  1.2667E-04  1.8238E-04  2.9575E-04
Fe58  2.1198E-05  3.0268E-05  3.8515E-05  6.4297E-05  5.4878E-06  1.2060E-05  4.4641E-05  5.9301E-05  9.3634E-05
Fe59  1.3625E-06  3.0285E-07  6.2771E-07  2.6206E-06  1.0709E-19  1.3946E-28  1.4219E-30  2.2987E-30  4.3589E-14
Fe60  1.4061E-06  1.1274E-07  1.6748E-06  1.4799E-06  1.7563E-13  8.1447E-12  8.5777E-11  5.6037E-10  7.5281E-10
Fe61  7.0923E-18  1.4984E-17  1.8425E-17  5.0450E-18  0.0000E+00  0.0000E+00  0.0000E+00  0.0000E+00  0.0000E+00
Co54  8.4003E-60  8.8527E-60  1.4174E-59  1.5348E-59  0.0000E+00  0.0000E+00  0.0000E+00  0.0000E+00  0.0000E+00
Co55  4.7386E-04  7.6909E-04  2.9012E-04  1.0847E-04  0.0000E+00  0.0000E+00  0.0000E+00  0.0000E+00  0.0000E+00
Co56  1.0886E-05  7.3732E-06  2.8272E-06  2.0114E-06  0.0000E+00  0.0000E+00  0.0000E+00  0.0000E+00  0.0000E+00
Co57  2.4050E-04  1.9458E-04  1.4093E-04  1.3897E-04  0.0000E+00  0.0000E+00  0.0000E+00  0.0000E+00  0.0000E+00
Co58  1.1008E-06  9.0060E-07  6.0162E-08  1.6233E-07  0.0000E+00  0.0000E+00  0.0000E+00  0.0000E+00  0.0000E+00
Co59  7.4589E-06  1.0807E-05  1.5472E-05  2.9840E-05  5.9750E-06  8.9054E-06  1.6923E-05  2.4084E-05  3.9517E-05
Co60  1.4166E-07  3.6374E-07  2.0596E-07  1.7474E-06  3.5873E-19  1.4727E-17  1.5655E-16  1.0221E-15  1.2322E-14
Co61  6.7676E-14  4.5450E-13  4.6510E-08  2.0797E-08  0.0000E+00  0.0000E+00  0.0000E+00  0.0000E+00  0.0000E+00
Ni56  7.0000E-02  7.0000E-02  7.0000E-02  7.0000E-02  0.0000E+00  0.0000E+00  0.0000E+00  0.0000E+00  0.0000E+00
Ni57  2.4779E-03  2.6093E-03  2.5085E-03  2.5724E-03  0.0000E+00  0.0000E+00  0.0000E+00  0.0000E+00  0.0000E+00
Ni58  6.7835E-03  6.3552E-03  4.8693E-03  4.2055E-03  6.7736E-05  9.2157E-05  1.4742E-04  2.1886E-04  3.6481E-04
Ni59  1.7065E-04  1.5554E-04  1.3848E-04  1.3701E-04  1.6489E-08  2.4730E-07  3.1216E-06  4.5076E-06  6.5721E-06
Ni60  1.3355E-03  1.1188E-03  1.3206E-03  1.8009E-03  2.7019E-05  3.7691E-05  6.5115E-05  9.5457E-05  1.5804E-04
Ni61  4.2374E-05  3.3910E-05  4.4980E-05  5.7220E-05  1.2052E-06  1.9702E-06  5.1851E-06  7.3339E-06  1.1658E-05
Ni62  2.0191E-05  2.0175E-05  3.1359E-05  8.6362E-05  3.8785E-06  5.7667E-06  1.1423E-05  1.6340E-05  2.6745E-05
Ni63  1.3143E-06  1.7995E-06  2.9791E-06  2.0036E-05  1.4036E-19  1.0977E-22  3.2342E-25  1.9921E-24  4.0778E-14
Ni64  9.0135E-06  1.0120E-05  2.3581E-05  8.9337E-05  1.0180E-06  1.4635E-06  2.6076E-06  3.8384E-06  6.2990E-06
Ni65  8.1468E-12  3.5618E-12  1.2037E-07  2.7473E-08  0.0000E+00  0.0000E+00  0.0000E+00  0.0000E+00  0.0000E+00
Cu57  8.4003E-60  8.8527E-60  1.4174E-59  1.5348E-59  0.0000E+00  0.0000E+00  0.0000E+00  0.0000E+00  0.0000E+00
Cu58  1.7582E-45  1.2516E-30  3.0145E-45  3.0854E-38  0.0000E+00  0.0000E+00  0.0000E+00  0.0000E+00  0.0000E+00
Cu59  2.8948E-21  1.3806E-20  5.2267E-23  1.3065E-20  0.0000E+00  0.0000E+00  0.0000E+00  0.0000E+00  0.0000E+00
Cu60  2.6241E-08  2.2190E-08  2.7173E-08  3.6745E-08  0.0000E+00  0.0000E+00  0.0000E+00  0.0000E+00  0.0000E+00
Cu61  3.0954E-05  2.3270E-05  3.0077E-05  3.3687E-05  0.0000E+00  0.0000E+00  0.0000E+00  0.0000E+00  0.0000E+00
Cu62  4.1268E-07  2.9925E-07  3.5824E-07  3.8061E-07  0.0000E+00  0.0000E+00  0.0000E+00  0.0000E+00  0.0000E+00
Cu63  3.6632E-06  4.0208E-06  6.9278E-06  1.3653E-05  7.0248E-07  1.1370E-06  2.5919E-06  3.6686E-06  5.8914E-06
Cu64  6.6326E-09  1.7702E-08  5.4251E-08  8.3419E-07  1.7712E-23  5.3796E-31  1.3472E-32  1.5230E-32  9.6138E-16
Cu65  5.6606E-06  6.6054E-06  1.3926E-05  4.8810E-05  3.2278E-07  5.2816E-07  1.1337E-06  1.5610E-06  2.5071E-06
Cu66  1.3902E-13  3.2746E-13  4.7614E-14  4.1449E-13  0.0000E+00  0.0000E+00  0.0000E+00  0.0000E+00  0.0000E+00
Zn60  5.7861E-25  1.1651E-24  6.8922E-25  1.2135E-24  0.0000E+00  0.0000E+00  0.0000E+00  0.0000E+00  0.0000E+00
Zn61  2.1051E-29  2.5247E-26  2.5894E-28  5.5776E-25  0.0000E+00  0.0000E+00  0.0000E+00  0.0000E+00  0.0000E+00
Zn62  6.3292E-04  4.8908E-04  5.7236E-04  5.7568E-04  0.0000E+00  0.0000E+00  0.0000E+00  0.0000E+00  0.0000E+00
Zn63  1.1007E-09  8.5796E-10  9.4991E-10  2.0551E-09  0.0000E+00  0.0000E+00  0.0000E+00  0.0000E+00  0.0000E+00
Zn64  7.6456E-06  6.3817E-06  9.4734E-06  2.0924E-05  1.1695E-06  1.6619E-06  2.8752E-06  4.1756E-06  6.8934E-06
Zn65  7.5221E-07  8.8060E-07  8.8703E-07  3.0949E-06  3.1443E-22  3.7287E-24  9.4220E-27  1.5015E-22  4.3068E-15
Zn66  7.9200E-06  9.2161E-06  1.8298E-05  7.0457E-05  6.9171E-07  9.7689E-07  1.6498E-06  2.4169E-06  4.0031E-06
Zn67  1.1823E-06  1.5468E-06  2.9880E-06  1.5599E-05  1.0326E-07  1.4781E-07  2.5944E-07  3.8061E-07  6.2623E-07
Zn68  8.8186E-06  1.0540E-05  2.2738E-05  1.1741E-04  4.7914E-07  6.7699E-07  1.1786E-06  1.7315E-06  2.8578E-06
Zn69  6.0759E-12  4.0699E-12  2.1685E-09  7.1642E-09  0.0000E+00  0.0000E+00  0.0000E+00  0.0000E+00  0.0000E+00
Zn70  9.0583E-09  1.0237E-08  3.8168E-06  1.7670E-06  1.6291E-08  2.2213E-08  3.6013E-08  5.3401E-08  8.8887E-08
Zn71  2.1931E-20  7.5456E-20  7.4201E-22  1.0191E-20  0.0000E+00  0.0000E+00  0.0000E+00  0.0000E+00  0.0000E+00
Ga62  8.4003E-60  8.8527E-60  1.4174E-59  1.5348E-59  0.0000E+00  0.0000E+00  0.0000E+00  0.0000E+00  0.0000E+00
Ga63  8.7339E-36  1.0524E-29  2.0460E-37  6.4665E-33  0.0000E+00  0.0000E+00  0.0000E+00  0.0000E+00  0.0000E+00
Ga64  5.6801E-32  1.1064E-28  1.3747E-29  1.8561E-26  0.0000E+00  0.0000E+00  0.0000E+00  0.0000E+00  0.0000E+00
Ga65  1.2816E-13  1.1115E-13  1.2725E-13  1.3440E-13  0.0000E+00  0.0000E+00  0.0000E+00  0.0000E+00  0.0000E+00
Ga66  6.3166E-06  3.9522E-06  5.4404E-06  5.4755E-06  0.0000E+00  0.0000E+00  0.0000E+00  0.0000E+00  0.0000E+00
Ga67  2.4895E-08  2.0559E-08  2.2043E-08  1.3189E-07  0.0000E+00  0.0000E+00  0.0000E+00  0.0000E+00  0.0000E+00
Ga68  1.6333E-12  1.4094E-12  4.0755E-12  6.0056E-10  0.0000E+00  0.0000E+00  0.0000E+00  0.0000E+00  0.0000E+00
Ga69  1.4183E-06  1.6253E-06  3.6528E-06  2.0700E-05  4.7118E-08  6.7641E-08  1.2469E-07  1.8264E-07  2.9923E-07
Ga70  1.0417E-12  1.4939E-12  1.1152E-12  3.4796E-12  0.0000E+00  0.0000E+00  0.0000E+00  0.0000E+00  0.0000E+00
Ga71  1.3048E-06  1.6854E-06  4.9908E-06  1.5476E-05  3.2182E-08  4.6382E-08  8.6994E-08  1.2650E-07  2.0751E-07
Ga72  8.7897E-11  2.9438E-11  6.0952E-07  6.2546E-07  0.0000E+00  0.0000E+00  0.0000E+00  0.0000E+00  0.0000E+00
Ge64  4.3933E-44  4.1413E-37  1.2562E-39  1.0320E-34  0.0000E+00  0.0000E+00  0.0000E+00  0.0000E+00  0.0000E+00
Ge65  5.3930E-43  3.4854E-39  1.4515E-41  4.3710E-36  0.0000E+00  0.0000E+00  0.0000E+00  0.0000E+00  0.0000E+00
Ge66  1.2381E-06  7.7593E-07  1.0666E-06  1.0731E-06  0.0000E+00  0.0000E+00  0.0000E+00  0.0000E+00  0.0000E+00
Ge67  5.7794E-15  5.0609E-15  5.1399E-15  7.0167E-15  0.0000E+00  0.0000E+00  0.0000E+00  0.0000E+00  0.0000E+00
Ge68  7.6424E-09  5.0897E-09  5.3993E-09  8.1419E-08  0.0000E+00  0.0000E+00  0.0000E+00  0.0000E+00  0.0000E+00
Ge69  8.5855E-11  9.9879E-11  1.5973E-10  1.8654E-08  0.0000E+00  0.0000E+00  0.0000E+00  0.0000E+00  0.0000E+00
Ge70  2.4662E-06  2.9739E-06  5.6568E-06  3.3602E-05  6.7497E-08  9.6335E-08  1.7560E-07  2.5670E-07  4.2211E-07
Ge71  1.3671E-07  7.9593E-08  1.2481E-07  4.0412E-06  9.7710E-21  2.6023E-31  1.2334E-32  9.8218E-33  5.4528E-15
Ge72  2.8932E-06  3.6716E-06  7.7318E-06  3.9050E-05  9.1636E-08  1.2782E-07  2.1767E-07  3.1941E-07  5.2918E-07
Ge73  8.2419E-07  9.5405E-07  1.9092E-06  1.2446E-05  2.6075E-08  3.6290E-08  6.1369E-08  9.0166E-08  1.4943E-07
Ge74  5.4950E-06  6.3500E-06  1.3729E-05  6.8620E-05  1.2409E-07  1.7280E-07  2.9670E-07  4.3628E-07  7.2130E-07
Ge75  9.5581E-12  6.2622E-12  4.3535E-09  1.9782E-08  0.0000E+00  0.0000E+00  0.0000E+00  0.0000E+00  0.0000E+00
Ge76  1.4833E-08  1.6780E-08  3.8093E-06  2.8159E-06  2.6708E-08  3.6412E-08  5.8970E-08  8.7444E-08  1.4557E-07
Ge77  1.3547E-16  2.7227E-15  1.0343E-06  1.4608E-08  0.0000E+00  0.0000E+00  0.0000E+00  0.0000E+00  0.0000E+00
As71  4.3041E-12  8.6711E-12  4.4539E-12  1.7460E-09  0.0000E+00  0.0000E+00  0.0000E+00  0.0000E+00  0.0000E+00
As72  5.0021E-13  1.3388E-12  5.6564E-12  3.3020E-09  0.0000E+00  0.0000E+00  0.0000E+00  0.0000E+00  0.0000E+00
As73  1.1636E-09  3.3491E-09  2.8161E-09  2.9392E-07  0.0000E+00  0.0000E+00  0.0000E+00  0.0000E+00  0.0000E+00
As74  1.9477E-11  5.7207E-11  4.6795E-10  8.2907E-08  0.0000E+00  0.0000E+00  0.0000E+00  0.0000E+00  0.0000E+00
As75  5.7400E-07  6.5824E-07  2.1211E-06  1.4300E-05  1.5479E-08  2.1414E-08  3.5857E-08  5.2816E-08  8.7663E-08
As76  1.3002E-10  1.2881E-10  3.4411E-08  1.7943E-06  0.0000E+00  0.0000E+00  0.0000E+00  0.0000E+00  0.0000E+00
As77  9.8285E-13  1.4055E-10  9.9424E-07  4.9360E-06  0.0000E+00  0.0000E+00  0.0000E+00  0.0000E+00  0.0000E+00
Se74  1.0246E-07  7.0992E-07  6.6506E-07  3.6930E-06  1.4883E-09  2.0115E-09  3.0469E-09  4.5173E-09  7.6150E-09
Se75  1.8424E-09  2.6765E-08  9.6970E-09  3.3661E-07  1.1662E-27  9.1084E-32  8.2638E-33  5.2744E-33  1.2568E-22
Se76  1.4687E-06  2.8132E-06  4.4835E-06  1.9692E-05  1.6140E-08  2.2887E-08  4.2379E-08  6.2085E-08  1.0159E-07
Se77  5.2877E-07  6.0833E-07  1.3112E-06  6.1120E-06  1.3296E-08  1.8400E-08  3.1041E-08  4.5692E-08  7.5844E-08
Se78  3.6710E-06  4.1372E-06  8.9708E-06  3.9333E-05  4.2004E-08  5.9110E-08  1.0683E-07  1.5633E-07  2.5747E-07
Se79  3.5816E-07  5.2793E-07  6.7777E-07  8.5500E-06  1.9213E-16  7.9633E-14  8.9864E-13  1.9161E-13  1.1304E-12
Se80  1.5720E-06  1.9969E-06  6.0250E-06  3.5622E-05  8.9749E-08  1.2204E-07  1.9480E-07  2.9062E-07  4.8500E-07
Se81  1.7934E-14  2.9904E-14  9.1985E-14  2.4761E-14  0.0000E+00  0.0000E+00  0.0000E+00  0.0000E+00  0.0000E+00
Se82  9.2083E-09  1.0429E-08  3.8717E-06  3.0464E-06  1.6195E-08  2.2159E-08  3.6542E-08  5.4086E-08  8.9881E-08
Se83  1.7962E-18  2.3326E-18  3.8184E-12  3.2162E-14  0.0000E+00  0.0000E+00  0.0000E+00  0.0000E+00  0.0000E+00
Br75  4.1564E-14  1.8824E-13  1.2968E-14  4.8133E-13  0.0000E+00  0.0000E+00  0.0000E+00  0.0000E+00  0.0000E+00
Br76  8.1110E-13  6.8708E-12  3.2665E-13  3.4720E-10  0.0000E+00  0.0000E+00  0.0000E+00  0.0000E+00  0.0000E+00
Br77  4.6869E-10  2.3713E-09  3.8204E-10  2.3697E-08  0.0000E+00  0.0000E+00  0.0000E+00  0.0000E+00  0.0000E+00
Br78  2.1736E-18  3.0933E-18  2.4300E-17  1.4806E-15  0.0000E+00  0.0000E+00  0.0000E+00  0.0000E+00  0.0000E+00
Br79  1.9557E-07  1.5652E-07  7.7389E-07  1.7367E-06  1.4350E-08  1.9605E-08  3.1177E-08  4.5970E-08  7.7122E-08
Br80  9.9672E-13  1.4939E-12  3.2322E-13  1.4387E-12  0.0000E+00  0.0000E+00  0.0000E+00  0.0000E+00  0.0000E+00
Br81  3.1066E-07  3.5251E-07  1.3507E-06  8.7263E-06  1.4325E-08  1.9580E-08  3.2218E-08  4.8071E-08  7.9657E-08
Br82  7.8033E-11  1.0851E-10  2.6457E-08  6.9977E-07  0.0000E+00  0.0000E+00  0.0000E+00  0.0000E+00  0.0000E+00
Br83  2.1823E-13  1.8419E-12  1.6538E-07  3.6183E-07  0.0000E+00  0.0000E+00  0.0000E+00  0.0000E+00  0.0000E+00
Kr78  4.8415E-08  3.6611E-07  2.6375E-07  4.8939E-07  5.1864E-10  7.0106E-10  1.0620E-09  1.5743E-09  2.6537E-09
Kr79  1.4258E-09  2.1488E-08  8.1089E-09  2.0032E-08  0.0000E+00  0.0000E+00  0.0000E+00  0.0000E+00  0.0000E+00
Kr80  7.1078E-07  2.3989E-06  2.6308E-06  5.8695E-06  3.4406E-09  5.1381E-09  1.1460E-08  1.6636E-08  2.6568E-08
Kr81  2.2250E-07  2.6424E-07  3.8664E-07  1.2208E-06  4.7183E-12  1.7756E-10  1.6061E-09  2.2086E-09  3.2573E-09
Kr82  2.6820E-06  2.8929E-06  5.7700E-06  1.9569E-05  1.7641E-08  2.5532E-08  5.2926E-08  7.6267E-08  1.2339E-07
Kr83  8.9580E-07  8.6117E-07  2.7857E-06  1.0674E-05  1.7627E-08  2.4346E-08  4.1038E-08  6.0015E-08  9.9891E-08
Kr84  5.1107E-06  5.4975E-06  1.2520E-05  5.1010E-05  8.7913E-08  1.2125E-07  2.0319E-07  2.9865E-07  4.9580E-07
Kr85  6.0472E-07  4.8638E-07  5.8462E-07  1.0685E-05  3.8374E-20  1.8996E-27  6.8449E-30  3.4852E-30  5.4501E-15
Kr86  2.3695E-06  1.2492E-06  1.1966E-05  3.3416E-05  2.7220E-08  3.7368E-08  6.2550E-08  9.2663E-08  1.5372E-07
Kr87  1.2522E-13  7.2434E-14  2.1288E-09  9.9170E-11  0.0000E+00  0.0000E+00  0.0000E+00  0.0000E+00  0.0000E+00
Rb79  4.3181E-19  5.2147E-18  2.8810E-18  1.4024E-16  0.0000E+00  0.0000E+00  0.0000E+00  0.0000E+00  0.0000E+00
Rb80  1.9488E-30  6.2797E-26  9.6494E-26  5.2853E-22  0.0000E+00  0.0000E+00  0.0000E+00  0.0000E+00  0.0000E+00
Rb81  2.3197E-11  1.2306E-10  1.1637E-11  5.8065E-11  0.0000E+00  0.0000E+00  0.0000E+00  0.0000E+00  0.0000E+00
Rb82  4.0178E-12  4.0644E-11  1.2937E-12  6.7941E-11  0.0000E+00  0.0000E+00  0.0000E+00  0.0000E+00  0.0000E+00
Rb83  3.6784E-09  1.3432E-08  9.7854E-09  4.2846E-08  0.0000E+00  0.0000E+00  0.0000E+00  0.0000E+00  0.0000E+00
Rb84  7.3539E-11  5.6677E-10  4.6053E-10  5.0575E-09  0.0000E+00  0.0000E+00  0.0000E+00  0.0000E+00  0.0000E+00
Rb85  7.5446E-07  9.0117E-07  3.2576E-06  7.8479E-06  2.0619E-08  2.8318E-08  4.6612E-08  6.8709E-08  1.1427E-07
Rb86  8.6105E-08  6.9243E-08  2.6015E-07  2.2333E-06  5.5198E-21  2.2188E-31  2.0085E-32  1.3937E-32  9.2561E-16
Rb87  1.0154E-06  3.5069E-07  5.5144E-06  1.7772E-05  8.6854E-09  1.1904E-08  1.9755E-08  2.9231E-08  4.8546E-08
Rb88  1.3993E-14  2.4295E-14  1.6590E-13  8.3510E-15  0.0000E+00  0.0000E+00  0.0000E+00  0.0000E+00  0.0000E+00
Sr84  1.0254E-06  8.1033E-06  3.1962E-06  1.8627E-06  3.5890E-10  4.8506E-10  7.3402E-10  1.0880E-09  1.8349E-09
Sr85  3.5023E-08  5.4444E-07  1.4184E-07  8.3286E-08  2.0427E-28  1.0000E-32  1.1265E-33  7.1944E-34  1.9252E-23
Sr86  2.9681E-06  6.4453E-06  1.1980E-05  1.8859E-05  6.5637E-09  1.0211E-08  2.6085E-08  3.7327E-08  5.9295E-08
Sr87  1.8512E-06  2.2434E-06  4.5197E-06  1.2449E-05  4.6274E-09  6.9912E-09  1.5920E-08  2.2611E-08  3.6719E-08
Sr88  3.9014E-05  4.6357E-05  1.2957E-04  1.5914E-04  5.5831E-08  7.8464E-08  1.3853E-07  2.0223E-07  3.3396E-07
Sr89  2.0260E-06  5.9049E-07  4.8922E-06  5.6208E-06  2.4895E-20  5.5270E-32  2.3906E-33  1.8325E-33  3.1708E-15
Sr90  1.1957E-06  1.1180E-07  1.2750E-05  1.8482E-06  1.1532E-20  0.0000E+00  0.0000E+00  0.0000E+00  9.9708E-16
Sr91  3.1354E-15  4.0090E-15  1.0272E-06  7.6619E-09  0.0000E+00  0.0000E+00  0.0000E+00  0.0000E+00  0.0000E+00
Y85   6.3076E-12  2.9754E-11  2.1947E-12  1.6344E-12  0.0000E+00  0.0000E+00  0.0000E+00  0.0000E+00  0.0000E+00
Y86   2.2261E-11  2.0818E-10  1.1977E-11  9.1258E-12  0.0000E+00  0.0000E+00  0.0000E+00  0.0000E+00  0.0000E+00
Y87   2.6132E-09  1.4460E-08  5.0922E-09  3.6215E-09  0.0000E+00  0.0000E+00  0.0000E+00  0.0000E+00  0.0000E+00
Y88   1.4560E-09  8.5882E-09  7.3048E-09  7.4611E-09  0.0000E+00  0.0000E+00  0.0000E+00  0.0000E+00  0.0000E+00
Y89   1.1548E-05  1.6683E-05  3.7420E-05  3.3039E-05  1.4933E-08  2.0755E-08  3.5477E-08  5.2145E-08  8.6311E-08
Y90   6.8563E-10  1.4726E-09  5.5770E-07  4.8763E-07  0.0000E+00  0.0000E+00  0.0000E+00  0.0000E+00  0.0000E+00
Y91   2.3270E-12  5.1958E-11  1.0014E-05  1.9847E-06  0.0000E+00  0.0000E+00  0.0000E+00  0.0000E+00  0.0000E+00
Zr90  2.8749E-05  1.2907E-04  8.6245E-05  2.6563E-05  1.8210E-08  2.5099E-08  4.2220E-08  6.2296E-08  1.0330E-07
Zr91  4.1638E-06  4.7107E-06  9.0883E-06  6.1698E-06  4.0158E-09  5.5443E-09  9.4171E-09  1.3880E-08  2.2997E-08
Zr92  8.9327E-06  9.9176E-06  2.4054E-05  1.0416E-05  6.2066E-09  8.5869E-09  1.4736E-08  2.1691E-08  3.5911E-08
Zr93  2.7877E-06  2.9809E-06  6.4878E-06  3.0487E-06  2.3161E-12  5.2897E-11  5.0105E-10  6.8881E-10  1.0383E-09
Zr94  1.0498E-05  1.1721E-05  2.5341E-05  7.5398E-06  6.4245E-09  8.8504E-09  1.4845E-08  2.1882E-08  3.6330E-08
Zr95  1.0200E-06  6.0509E-07  2.5479E-06  5.9006E-07  6.6136E-21  3.6265E-32  2.2666E-33  1.5939E-33  1.2101E-16
Zr96  3.8641E-06  5.6399E-07  2.0871E-05  7.9267E-07  1.7537E-20  0.0000E+00  0.0000E+00  0.0000E+00  1.7973E-16
Zr97  7.4655E-15  5.2096E-15  3.6169E-07  4.2852E-10  0.0000E+00  0.0000E+00  0.0000E+00  0.0000E+00  0.0000E+00
Nb91  2.0872E-08  8.9135E-08  1.0884E-07  2.1877E-08  0.0000E+00  0.0000E+00  0.0000E+00  0.0000E+00  0.0000E+00
Nb92  9.3954E-11  9.2034E-10  1.1955E-08  3.6366E-09  0.0000E+00  0.0000E+00  0.0000E+00  0.0000E+00  0.0000E+00
Nb93  3.0394E-09  2.7585E-09  1.4625E-07  3.2308E-08  2.7709E-09  3.7497E-09  5.7152E-09  8.4741E-09  1.4262E-08
Nb94  1.7762E-11  1.1716E-11  9.6571E-09  1.5044E-09  2.2361E-23  3.3767E-21  1.4307E-20  2.7117E-20  1.4337E-20
Nb95  2.6190E-08  4.1942E-08  1.2728E-07  5.7770E-08  2.5268E-22  2.4060E-32  1.2419E-33  8.7123E-34  2.3440E-18
Nb96  2.4499E-10  3.6283E-11  6.8858E-09  3.6290E-09  0.0000E+00  0.0000E+00  0.0000E+00  0.0000E+00  0.0000E+00
Nb97  5.4623E-16  7.5079E-16  2.8748E-08  1.2895E-10  0.0000E+00  0.0000E+00  0.0000E+00  0.0000E+00  0.0000E+00
Mo92  7.8222E-07  1.3448E-06  1.2208E-05  1.3779E-07  1.0474E-09  1.4192E-09  2.2018E-09  3.2722E-09  5.4765E-09
Mo93  2.4067E-08  5.8855E-08  6.8995E-07  6.9051E-09  7.6648E-21  7.3664E-18  1.4730E-15  6.2900E-16  1.1575E-15
Mo94  4.3186E-07  9.6142E-07  8.1998E-06  9.9765E-08  6.7556E-10  9.2918E-10  1.6414E-09  2.4652E-09  3.9770E-09
Mo95  6.7079E-07  8.0605E-07  1.4231E-06  4.0114E-07  1.1803E-09  1.6160E-09  2.6606E-09  3.9400E-09  6.5385E-09
Mo96  2.0238E-06  2.7524E-06  7.2566E-06  1.3594E-06  2.3131E-09  3.1804E-09  5.3747E-09  7.9502E-09  1.3166E-08
Mo97  6.9927E-07  8.1091E-07  1.6611E-06  4.6518E-07  7.3079E-10  1.0066E-09  1.7199E-09  2.5423E-09  4.2061E-09
Mo98  2.5319E-06  3.0868E-06  5.4753E-06  1.4327E-06  1.8772E-09  2.6038E-09  4.6203E-09  6.8024E-09  1.1229E-08
Xe132  5.1930E-06  6.5917E-06  1.2675E-05  2.4786E-06  6.2906E-09  8.6379E-09  1.4440E-08  2.1310E-08  3.5407E-08
Xe133  3.4124E-07  3.3079E-07  8.8792E-07  7.9529E-08  1.0798E-21  3.7636E-33  4.0337E-34  2.8022E-34  1.4478E-17
Xe134  1.6439E-06  4.3374E-07  6.2943E-06  2.6415E-07  2.3570E-09  3.2148E-09  5.2198E-09  7.7393E-09  1.2881E-08
Xe135  2.0150E-14  2.1349E-13  2.9175E-06  4.7967E-09  0.0000E+00  0.0000E+00  0.0000E+00  0.0000E+00  0.0000E+00
Cs133  6.5925E-07  8.3562E-07  2.3397E-06  2.9397E-07  1.6527E-09  2.2509E-09  3.5779E-09  5.2888E-09  8.8577E-09
Cs134  1.8588E-08  4.7863E-08  1.3808E-07  2.8940E-08  2.4438E-22  6.3244E-30  1.2540E-31  8.1807E-32  2.3643E-18
Cs135  2.6744E-07  2.5431E-07  2.6635E-06  1.7900E-07  1.1434E-13  1.6547E-12  2.2695E-11  3.1581E-11  4.8041E-11
Cs136  1.5633E-07  7.7351E-08  5.8295E-08  3.1301E-08  8.9116E-22  1.3135E-34  5.8911E-36  4.9121E-36  6.5195E-18
Cs137  1.9574E-06  2.1894E-07  1.2147E-06  1.8878E-07  6.8083E-21  0.0000E+00  0.0000E+00  0.0000E+00  3.0896E-17
Cs138  1.8092E-17  4.8705E-17  9.8063E-15  1.2112E-17  0.0000E+00  0.0000E+00  0.0000E+00  0.0000E+00  0.0000E+00
Ba134  1.9297E-06  2.5327E-06  6.3708E-06  6.5281E-07  5.0982E-10  7.4437E-10  1.6857E-09  2.4661E-09  3.9236E-09
Ba135  6.1187E-07  7.8372E-07  1.3059E-06  2.2687E-07  1.3924E-09  1.9019E-09  3.0734E-09  4.5401E-09  7.5860E-09
Ba136  5.1449E-06  7.6091E-06  1.4397E-05  1.7664E-06  1.6771E-09  2.3979E-09  4.8251E-09  7.0156E-09  1.1438E-08
Ba137  3.8140E-06  5.5976E-06  8.9199E-06  1.2943E-06  2.4102E-09  3.3485E-09  5.8395E-09  8.5565E-09  1.4171E-08
Ba138  6.4174E-05  7.8673E-05  1.3532E-04  6.7812E-06  1.5494E-08  2.1454E-08  3.6753E-08  5.4081E-08  8.9531E-08
Ba139  3.4808E-11  2.8692E-11  2.4853E-09  1.1175E-13  0.0000E+00  0.0000E+00  0.0000E+00  0.0000E+00  0.0000E+00
La138  4.5251E-10  1.2236E-09  3.0015E-09  2.0362E-11  1.6352E-12  2.2480E-12  3.7776E-12  5.5773E-12  9.2521E-12
La139  7.9431E-06  1.0604E-05  1.4818E-05  6.0609E-07  1.8086E-09  2.4968E-09  4.2333E-09  6.2392E-09  1.0339E-08
La140  2.5760E-10  8.1658E-11  6.3793E-08  5.9692E-12  0.0000E+00  0.0000E+00  0.0000E+00  0.0000E+00  0.0000E+00
Ce140  1.8645E-05  2.2193E-05  2.9535E-05  8.2108E-07  4.8700E-09  6.7063E-09  1.1315E-08  1.6695E-08  2.7681E-08
Ce141  4.8488E-06  1.0877E-06  6.5388E-07  3.3302E-09  7.0695E-22  3.3504E-33  2.6860E-34  1.8850E-34  6.3146E-18
Pr141  1.3267E-06  1.7354E-06  3.2348E-06  6.9328E-08  7.6499E-10  1.0454E-09  1.6928E-09  2.5043E-09  4.1736E-09
Pr142  2.4488E-10  6.1348E-11  1.8200E-07  6.3546E-11  0.0000E+00  0.0000E+00  0.0000E+00  0.0000E+00  0.0000E+00
Nd142  4.3061E-06  6.6985E-06  1.0362E-05  1.7312E-07  1.0454E-09  1.4484E-09  2.5293E-09  3.7250E-09  6.1503E-09
Nd143  5.1975E-07  7.8115E-07  7.9972E-07  2.1906E-08  4.6736E-10  6.3634E-10  1.0071E-09  1.4895E-09  2.4953E-09
Nd144  1.6268E-06  2.4796E-06  2.4065E-06  6.0170E-08  9.2944E-10  1.2736E-09  2.1068E-09  3.1185E-09  5.1742E-09
Hg202  2.8542E-06  4.3049E-06  4.6905E-06  9.0596E-08  9.2344E-10  1.2793E-09  2.2474E-09  3.3120E-09  5.4639E-09
Hg203  1.5213E-07  2.1167E-07  5.1448E-07  2.8328E-10  8.5940E-24  7.2024E-33  5.3159E-34  3.8168E-34  1.7036E-19
Hg204  2.7455E-07  1.2063E-07  2.0126E-06  7.3673E-10  2.1426E-10  2.9119E-10  4.6242E-10  6.8685E-10  1.1458E-09
Hg205  8.6558E-18  3.1271E-17  1.5604E-16  1.1615E-21  0.0000E+00  0.0000E+00  0.0000E+00  0.0000E+00  0.0000E+00
Tl203  1.3702E-06  1.9863E-06  1.7458E-06  3.8588E-08  4.9250E-10  6.7869E-10  1.1530E-09  1.6982E-09  2.8185E-09
Tl204  1.1464E-07  1.9558E-07  1.3503E-07  2.5032E-09  4.2034E-23  2.8231E-30  2.3251E-32  1.4854E-32  3.9230E-19
Tl205  2.6018E-06  2.9820E-06  2.9096E-06  2.4651E-08  1.1870E-09  1.6336E-09  2.7401E-09  4.0337E-09  6.6991E-09
Tl206  1.6834E-13  5.0067E-13  2.3245E-14  2.0641E-17  0.0000E+00  0.0000E+00  0.0000E+00  0.0000E+00  0.0000E+00
Pb204  1.7975E-06  2.7861E-06  2.8884E-06  4.5761E-08  2.3768E-10  3.4057E-10  6.8997E-10  1.0010E-09  1.6315E-09
Pb205  3.0080E-07  7.6340E-07  6.3318E-07  2.1577E-08  1.0963E-20  1.6807E-19  7.6168E-19  2.3302E-19  5.0161E-19
Pb206  1.0441E-05  1.3929E-05  1.1725E-05  1.5392E-07  2.2274E-09  3.0864E-09  5.3364E-09  7.8553E-09  1.2992E-08
Pb207  1.0366E-05  1.2238E-05  9.2317E-06  9.0397E-08  2.4761E-09  3.4140E-09  5.7824E-09  8.5273E-09  1.4134E-08
Pb208  1.3768E-05  1.5727E-05  1.1251E-05  7.4881E-08  7.1216E-09  9.8093E-09  1.6588E-08  2.4467E-08  4.0563E-08
Pb209  1.7310E-13  6.6892E-13  5.2729E-12  1.4110E-16  0.0000E+00  0.0000E+00  0.0000E+00  0.0000E+00  0.0000E+00
Bi208  1.0990E-07  2.7532E-07  3.7498E-08  2.3674E-10  0.0000E+00  0.0000E+00  0.0000E+00  0.0000E+00  0.0000E+00
Bi209  4.1607E-07  4.0106E-07  1.9634E-07  2.1184E-09  9.6558E-10  1.3259E-09  2.2171E-09  3.2748E-09  5.4354E-09
