#v=300 km/s  [Fe/H]=-3
Isotope 13MSun 15MSun 20MSun 25MSun 30MSun 40MSun 60MSun 80MSun 120MSun
H     4.5184E+00  5.0251E+00  6.7269E+00  7.8107E+00  8.9390E+00  1.1135E+01  1.5483E+01  1.7465E+01  2.2552E+01
H2    6.0585E-17  2.4200E-16  3.4355E-14  4.1531E-13  2.6561E-12  1.6584E-12  2.8591E-11  3.4049E-11  1.9809E-08
H3    1.9060E-24  3.5869E-22  1.1203E-18  5.7867E-17  7.5428E-16  1.2748E-15  5.1398E-15  1.0241E-14  4.2322E-13
He3   4.8472E-05  5.2908E-05  7.4415E-06  1.4890E-05  1.7139E-05  3.3729E-05  4.0961E-05  8.4412E-05  1.4455E-04
He4   3.8908E+00  4.5079E+00  6.1996E+00  5.2923E+00  3.9985E+00  4.3810E+00  6.3665E+00  9.7065E+00  1.4688E+01
Li6   5.3261E-14  3.2452E-13  1.1668E-13  6.7545E-14  5.8679E-14  3.3620E-14  3.3287E-14  4.8976E-14  2.3277E-13
Li7   3.3986E-11  3.1660E-11  7.1338E-11  1.0781E-11  1.0134E-09  4.1566E-09  5.5991E-09  9.2509E-12  6.5088E-12
Be7   1.6163E-13  4.3169E-14  4.8592E-10  3.0337E-12  3.5117E-11  6.7884E-10  1.6485E-09  1.5762E-11  1.0532E-11
Be9   9.9556E-17  4.3781E-16  2.2432E-16  1.3150E-16  1.0835E-16  6.3958E-17  5.5559E-17  7.8878E-17  4.0959E-16
Be10  1.0739E-59  1.1438E-59  1.7138E-59  9.8088E-60  0.0000E+00  0.0000E+00  0.0000E+00  0.0000E+00  0.0000E+00
B10   5.6910E-16  2.1793E-15  1.2592E-15  7.6935E-16  6.2830E-16  3.7906E-16  3.0503E-16  4.2557E-16  2.2156E-15
B11   1.8068E-14  3.5229E-14  1.4207E-14  1.0849E-14  8.6667E-15  5.5304E-15  3.6877E-15  5.0232E-15  2.2286E-14
C12   3.5121E-01  4.2511E-01  6.4636E-01  1.0069E+00  1.8997E-06  2.5255E-06  3.6344E-06  1.4687E-03  1.8393E-05
C13   2.4336E-04  2.4711E-04  2.2011E-04  1.6590E-04  5.1604E-07  6.9220E-07  9.8307E-07  4.3185E-04  4.6828E-06
C14   1.2404E-03  1.8523E-03  2.2099E-03  3.1140E-03  8.3053E-27  1.8659E-26  1.1460E-26  3.6720E-14  3.3735E-20
N13   1.3755E-12  6.4803E-13  2.0208E-12  3.9121E-12  4.4919E-30  5.1404E-33  1.0571E-29  9.6983E-13  4.0247E-16
N14   1.3469E-01  1.5034E-01  1.1839E-02  1.6580E-02  1.6870E-04  1.8974E-04  2.9140E-04  2.1395E-02  1.1689E-03
N15   7.0467E-04  8.0953E-04  4.8555E-04  5.1652E-05  3.6232E-09  4.0592E-09  6.2107E-09  4.1918E-07  2.5508E-08
N16   3.0345E-27  4.6065E-25  9.5073E-23  4.7163E-28  0.0000E+00  0.0000E+00  0.0000E+00  0.0000E+00  0.0000E+00
O15   2.7437E-15  1.7107E-16  8.2406E-16  2.7273E-13  5.5529E-32  4.7641E-35  1.0908E-31  3.4719E-14  6.8320E-17
O16   1.5120E+00  1.8179E+00  2.9353E+00  5.9286E+00  1.5496E-04  1.9939E-04  2.5333E-04  5.7998E-03  2.6626E-04
O17   2.2737E-04  2.6885E-04  4.1782E-04  9.2501E-05  5.5442E-07  1.0986E-06  1.2212E-06  7.8334E-06  5.2600E-07
O18   5.2736E-02  6.9459E-02  2.4796E-02  2.8367E-04  1.0762E-08  2.1818E-08  3.0835E-08  9.4030E-08  1.3082E-07
O19   8.0656E-20  2.5030E-19  2.0842E-19  8.1351E-20  0.0000E+00  0.0000E+00  0.0000E+00  0.0000E+00  0.0000E+00
F17   7.0449E-17  1.3033E-17  1.4632E-18  3.5717E-16  0.0000E+00  0.0000E+00  0.0000E+00  2.7663E-16  1.3161E-19
F18   8.5220E-07  3.3496E-06  1.1564E-06  1.1521E-06  0.0000E+00  6.1778E-39  0.0000E+00  8.4374E-17  2.6415E-20
F19   4.0511E-05  5.1010E-05  1.3286E-04  7.4713E-04  2.6507E-09  4.1007E-09  5.0319E-09  7.5611E-09  5.7222E-09
F20   1.1313E-21  2.5276E-20  1.1799E-17  1.2744E-18  0.0000E+00  0.0000E+00  0.0000E+00  0.0000E+00  0.0000E+00
Ne20  8.0720E-02  5.3706E-02  8.7608E-02  7.2925E-01  1.2388E-05  1.5402E-05  2.0342E-05  3.7621E-05  2.6396E-05
Ne21  7.8612E-04  8.4796E-04  1.1122E-03  1.1917E-03  2.6634E-08  3.1444E-08  3.9162E-08  1.3033E-06  3.3682E-08
Ne22  4.9261E-02  6.2599E-02  6.8111E-02  8.1226E-02  4.5862E-07  6.6596E-07  8.9993E-07  3.1460E-05  1.7268E-06
Ne23  8.2817E-14  5.9328E-14  4.2849E-14  6.6796E-15  0.0000E+00  0.0000E+00  0.0000E+00  0.0000E+00  0.0000E+00
Na21  2.5612E-15  4.7412E-15  1.6390E-14  8.0765E-14  0.0000E+00  0.0000E+00  0.0000E+00  0.0000E+00  0.0000E+00
Na22  4.0141E-07  3.1781E-07  6.8637E-07  8.2006E-06  0.0000E+00  9.7845E-30  1.1743E-29  3.8581E-15  1.6142E-21
Na23  1.9069E-03  1.3181E-03  1.3548E-03  4.4575E-03  1.9401E-06  2.0812E-06  2.5936E-06  4.4918E-06  3.1427E-06
Na24  4.9851E-06  8.7630E-06  5.6011E-06  1.2262E-06  0.0000E+00  0.0000E+00  0.0000E+00  0.0000E+00  0.0000E+00
Mg23  9.7394E-15  8.9470E-15  3.4214E-14  2.2878E-12  0.0000E+00  0.0000E+00  0.0000E+00  0.0000E+00  0.0000E+00
Mg24  1.4256E-02  1.5015E-02  2.8258E-02  1.4731E-01  1.5270E-05  1.7667E-05  2.4770E-05  2.6091E-05  3.0081E-05
Mg25  5.7119E-03  4.8385E-03  7.4013E-03  4.6520E-03  1.0188E-06  1.2921E-06  1.6408E-06  2.1379E-06  1.5594E-06
Mg26  8.0869E-03  7.8148E-03  1.2374E-02  4.6359E-03  1.3217E-06  1.6533E-06  2.1802E-06  2.5904E-06  2.8921E-06
Mg27  3.1137E-11  1.0080E-11  1.8520E-11  2.7564E-10  0.0000E+00  0.0000E+00  0.0000E+00  0.0000E+00  0.0000E+00
Al25  3.6398E-18  5.2153E-18  5.3506E-17  2.9041E-16  0.0000E+00  0.0000E+00  0.0000E+00  0.0000E+00  0.0000E+00
Al26  2.6190E-05  3.4904E-05  5.1690E-05  1.5907E-04  4.9527E-09  3.0751E-09  1.7559E-08  2.4960E-08  9.3879E-08
Alg6  9.0486E-08  1.2543E-07  2.3402E-07  4.7855E-08  4.9527E-09  3.0751E-09  1.7559E-08  2.4960E-08  9.3879E-08
Alm6  2.6932E-15  1.1553E-13  2.9344E-13  3.5658E-14  0.0000E+00  0.0000E+00  0.0000E+00  1.0003E-22  2.0226E-26
Al27  2.3081E-03  2.2706E-03  3.7126E-03  6.9669E-03  1.3891E-06  1.7762E-06  3.9907E-06  5.0200E-06  1.1177E-05
Al28  3.0119E-11  2.2916E-13  4.5439E-12  6.2465E-11  0.0000E+00  0.0000E+00  0.0000E+00  0.0000E+00  0.0000E+00
Si27  1.6744E-19  1.1141E-19  1.0809E-16  4.7067E-16  0.0000E+00  0.0000E+00  0.0000E+00  0.0000E+00  0.0000E+00
Si28  1.2153E-01  2.0649E-01  1.8711E-01  2.6201E-01  2.1094E-05  2.5177E-05  3.6737E-05  5.6251E-05  8.7880E-05
Si29  2.3402E-03  2.8795E-03  4.9123E-03  2.2931E-03  9.7794E-07  1.1975E-06  1.6067E-06  1.8111E-06  2.1499E-06
Si30  2.9874E-03  4.3489E-03  7.3462E-03  2.2936E-03  8.3410E-07  9.7517E-07  1.4557E-06  2.0460E-06  3.0935E-06
Si31  1.2416E-07  1.2037E-07  1.7144E-07  1.5344E-08  0.0000E+00  0.0000E+00  0.0000E+00  0.0000E+00  0.0000E+00
Si32  2.1564E-08  3.5110E-08  3.0117E-08  8.4656E-10  0.0000E+00  0.0000E+00  0.0000E+00  0.0000E+00  0.0000E+00
P29   1.6534E-20  1.9576E-20  1.2258E-19  3.2977E-19  0.0000E+00  0.0000E+00  0.0000E+00  0.0000E+00  0.0000E+00
P30   8.3059E-10  1.5271E-14  1.6943E-11  2.9303E-10  0.0000E+00  0.0000E+00  0.0000E+00  0.0000E+00  0.0000E+00
P31   7.8444E-04  1.2436E-03  1.6492E-03  8.7009E-04  7.6809E-08  9.1654E-08  1.2928E-07  1.7572E-07  2.2676E-07
P32   1.5739E-06  1.8174E-06  2.6786E-06  3.9645E-07  0.0000E+00  1.8356E-40  0.0000E+00  3.9641E-33  1.1650E-27
P33   7.6781E-07  1.4996E-06  1.4125E-06  1.4387E-07  0.0000E+00  0.0000E+00  0.0000E+00  0.0000E+00  4.1510E-31
P34   1.7248E-21  9.1382E-20  7.7340E-20  2.8898E-19  0.0000E+00  0.0000E+00  0.0000E+00  0.0000E+00  0.0000E+00
S31   3.0818E-26  1.8584E-26  8.3545E-20  1.9315E-20  0.0000E+00  0.0000E+00  0.0000E+00  0.0000E+00  0.0000E+00
S32   7.7532E-02  1.0727E-01  8.2430E-02  8.5568E-02  8.5376E-06  1.0239E-05  1.4419E-05  1.7933E-05  2.4575E-05
S33   4.7719E-04  8.5485E-04  7.8153E-04  6.2065E-04  7.0488E-08  8.4535E-08  1.1904E-07  1.5530E-07  2.0315E-07
S34   3.3324E-03  6.8214E-03  6.3742E-03  1.8000E-03  4.0995E-07  4.9164E-07  6.9235E-07  8.7377E-07  1.1803E-06
S35   1.7656E-06  8.4225E-06  2.2420E-06  1.1301E-07  0.0000E+00  7.7783E-39  2.8617E-41  1.6816E-32  7.6994E-25
S36   7.4453E-07  1.4295E-05  1.0470E-06  3.0180E-08  2.0236E-09  2.4268E-09  3.4176E-09  4.2541E-09  5.8250E-09
S37   4.0588E-18  2.2174E-19  1.2761E-19  4.9944E-18  0.0000E+00  0.0000E+00  0.0000E+00  0.0000E+00  0.0000E+00
Cl33  1.3765E-25  1.2860E-25  3.1734E-24  6.9965E-24  0.0000E+00  0.0000E+00  0.0000E+00  0.0000E+00  0.0000E+00
Cl34  4.6038E-27  3.6468E-27  1.3437E-24  6.2675E-25  0.0000E+00  0.0000E+00  0.0000E+00  0.0000E+00  0.0000E+00
Cl35  3.4398E-04  7.5687E-04  4.0304E-04  1.7544E-04  7.9874E-08  9.5792E-08  1.3490E-07  1.6777E-07  2.2991E-07
Cl36  1.9341E-06  7.9592E-06  2.8783E-06  4.6616E-07  6.6043E-24  5.3748E-22  1.4895E-21  8.6055E-11  3.6823E-12
Cl37  2.0511E-06  2.9221E-05  3.2516E-06  8.6696E-07  2.6987E-08  3.2366E-08  4.5578E-08  6.0622E-08  7.7839E-08
Cl38  3.6928E-12  2.1530E-11  1.7389E-12  8.1999E-13  0.0000E+00  0.0000E+00  0.0000E+00  0.0000E+00  0.0000E+00
Ar36  1.6791E-02  1.8544E-02  1.4192E-02  1.5872E-02  1.6309E-06  1.9559E-06  2.7544E-06  3.4232E-06  4.6943E-06
Ar37  7.4051E-05  7.7294E-05  5.5580E-05  4.4425E-05  2.1226E-27  2.0954E-27  1.6044E-27  2.6284E-24  1.0173E-21
Ar38  3.4144E-03  6.1242E-03  2.9034E-03  7.2340E-04  3.1300E-07  3.7538E-07  5.2862E-07  6.5899E-07  9.0099E-07
Ar39  3.8406E-08  1.8220E-05  4.6246E-08  3.6033E-08  1.9946E-36  1.5501E-32  2.2379E-32  2.3667E-27  8.4602E-23
Ar40  2.5392E-08  8.2789E-06  2.7349E-08  2.0908E-08  5.2697E-10  6.3198E-10  8.8998E-10  1.1291E-09  1.5206E-09
Ar41  4.2156E-12  6.6007E-09  2.8796E-11  6.3166E-13  0.0000E+00  0.0000E+00  0.0000E+00  0.0000E+00  0.0000E+00
K37   4.0981E-36  4.3248E-35  1.1433E-31  2.0886E-32  0.0000E+00  0.0000E+00  0.0000E+00  0.0000E+00  0.0000E+00
K38   3.9238E-12  1.6197E-18  2.2344E-13  4.7375E-12  0.0000E+00  0.0000E+00  0.0000E+00  0.0000E+00  0.0000E+00
K39   3.6885E-04  1.1820E-03  2.2486E-04  1.0182E-04  3.7064E-08  4.4451E-08  6.2597E-08  7.8290E-08  1.0670E-07
K40   1.8119E-07  2.2582E-05  1.7582E-07  3.6499E-08  5.9774E-11  7.1749E-11  1.0111E-10  2.9273E-10  1.7854E-10
K41   3.5529E-08  8.0546E-06  3.9389E-08  2.7607E-08  2.8119E-09  3.3724E-09  4.7489E-09  6.1250E-09  8.1005E-09
K42   5.3407E-10  9.1904E-07  1.8046E-09  2.7825E-10  0.0000E+00  0.0000E+00  0.0000E+00  0.0000E+00  0.0000E+00
Ca40  1.6146E-02  1.4846E-02  1.1941E-02  1.4777E-02  1.8087E-06  2.1691E-06  3.0547E-06  3.7969E-06  5.2060E-06
Ca41  2.7408E-05  5.7489E-05  1.4204E-05  1.0742E-05  1.0562E-20  1.3313E-20  4.5918E-20  3.7430E-10  4.1015E-11
Ca42  1.5639E-04  2.5286E-04  9.5337E-05  2.1068E-05  1.2675E-08  1.5201E-08  2.1406E-08  2.7870E-08  3.6531E-08
Ca43  1.8307E-07  1.6008E-05  1.9571E-07  1.3076E-07  2.7076E-09  3.2472E-09  4.5728E-09  6.0157E-09  7.8055E-09
Ca44  2.1177E-07  2.0572E-05  2.0296E-07  3.0830E-07  4.2811E-08  5.1343E-08  7.2303E-08  9.1859E-08  1.2329E-07
Ca45  3.8809E-09  1.1924E-06  7.0814E-09  2.1664E-08  0.0000E+00  4.8095E-38  5.9343E-39  1.0420E-31  4.3227E-24
Ca46  2.6224E-09  4.4380E-07  6.0056E-09  6.9587E-09  8.5823E-11  1.0293E-10  1.4494E-10  1.8031E-10  2.4714E-10
Ca47  2.5936E-10  1.2299E-08  1.1221E-09  9.7926E-11  0.0000E+00  0.0000E+00  0.0000E+00  1.3800E-36  7.0883E-34
Ca48  3.0538E-09  3.7866E-09  4.6971E-09  5.4596E-09  4.1867E-09  5.0210E-09  7.0708E-09  8.7986E-09  1.2051E-08
Ca49  2.0637E-19  1.9358E-19  4.0388E-19  1.5253E-17  0.0000E+00  0.0000E+00  0.0000E+00  0.0000E+00  0.0000E+00
Sc41  4.4074E-50  1.4286E-49  7.0528E-45  1.0951E-42  0.0000E+00  0.0000E+00  0.0000E+00  0.0000E+00  0.0000E+00
Sc42  9.9564E-43  1.1636E-43  1.3789E-40  8.5362E-40  0.0000E+00  0.0000E+00  0.0000E+00  0.0000E+00  0.0000E+00
Sc43  2.6959E-08  8.2315E-08  2.8523E-08  3.0479E-08  0.0000E+00  0.0000E+00  0.0000E+00  0.0000E+00  0.0000E+00
Sc44  4.8351E-09  2.7159E-07  3.4402E-09  1.4666E-09  0.0000E+00  0.0000E+00  0.0000E+00  0.0000E+00  0.0000E+00
Sc45  1.7948E-06  1.5898E-05  4.3215E-07  4.1255E-07  6.0534E-10  7.2598E-10  1.0224E-09  1.5190E-09  1.7502E-09
Sc46  2.9375E-09  1.8698E-06  2.9024E-09  9.2156E-09  0.0000E+00  6.1314E-39  1.4870E-41  1.0485E-31  5.9714E-25
Sc47  9.2442E-10  4.1840E-07  1.9472E-09  1.0120E-09  0.0000E+00  0.0000E+00  0.0000E+00  1.0517E-36  2.2962E-33
Sc48  2.7823E-10  4.9571E-08  1.0840E-09  8.4877E-11  0.0000E+00  0.0000E+00  0.0000E+00  0.0000E+00  0.0000E+00
Sc49  1.4123E-12  2.2339E-11  8.4479E-12  2.0135E-13  0.0000E+00  0.0000E+00  0.0000E+00  0.0000E+00  0.0000E+00
Ti44  2.0174E-05  9.3050E-06  3.4728E-05  4.5155E-05  0.0000E+00  0.0000E+00  0.0000E+00  0.0000E+00  0.0000E+00
Ti45  5.4726E-07  1.2966E-07  1.2033E-07  1.2265E-07  0.0000E+00  0.0000E+00  0.0000E+00  0.0000E+00  0.0000E+00
Ti46  9.5845E-05  1.2718E-04  4.3544E-05  1.1191E-05  6.4268E-09  7.7076E-09  1.0854E-08  1.4209E-08  1.8518E-08
Ti47  1.4795E-06  2.0990E-05  1.1528E-06  5.3984E-07  5.9219E-09  7.1020E-09  1.0001E-08  1.2649E-08  1.7050E-08
Ti48  6.2340E-07  2.7899E-05  2.6194E-07  1.5102E-07  5.9925E-08  7.1868E-08  1.0121E-07  1.2616E-07  1.7249E-07
Ti49  3.1354E-08  2.0788E-06  3.8243E-08  9.8769E-08  4.4893E-09  5.3840E-09  7.5818E-09  9.9924E-09  1.2938E-08
Ti50  1.6619E-07  1.2123E-06  2.5248E-07  2.5192E-07  4.3862E-09  5.2603E-09  7.4077E-09  1.0593E-08  1.2650E-08
Ti51  1.0347E-14  2.8642E-16  4.3915E-16  4.0566E-14  0.0000E+00  0.0000E+00  0.0000E+00  0.0000E+00  0.0000E+00
V45   7.8478E-55  9.2851E-56  6.0902E-50  1.9225E-46  0.0000E+00  0.0000E+00  0.0000E+00  0.0000E+00  0.0000E+00
V46   2.7532E-59  1.2051E-59  7.3855E-49  8.4697E-52  0.0000E+00  0.0000E+00  0.0000E+00  0.0000E+00  0.0000E+00
V47   1.4369E-10  1.3812E-10  1.5378E-10  1.9243E-10  0.0000E+00  0.0000E+00  0.0000E+00  0.0000E+00  0.0000E+00
V48   2.0551E-07  9.7455E-07  1.1534E-07  3.2730E-08  0.0000E+00  0.0000E+00  0.0000E+00  0.0000E+00  0.0000E+00
V49   4.6176E-06  3.1504E-05  3.5320E-06  1.8679E-06  0.0000E+00  0.0000E+00  0.0000E+00  0.0000E+00  0.0000E+00
V50   9.6235E-09  2.3205E-06  3.0029E-09  2.7638E-09  1.0132E-11  1.2151E-11  1.7112E-11  2.1261E-11  2.9162E-11
V51   6.3095E-08  2.7339E-06  5.3387E-08  3.1514E-08  4.1235E-09  4.9453E-09  6.9641E-09  8.7132E-09  1.1870E-08
V52   2.3798E-13  1.4432E-16  6.0885E-16  2.0519E-14  0.0000E+00  0.0000E+00  0.0000E+00  0.0000E+00  0.0000E+00
Cr48  6.6098E-05  1.1321E-04  8.9971E-05  9.4112E-05  0.0000E+00  0.0000E+00  0.0000E+00  0.0000E+00  0.0000E+00
Cr49  9.2607E-09  3.6425E-08  7.7760E-09  5.4701E-09  0.0000E+00  0.0000E+00  0.0000E+00  0.0000E+00  0.0000E+00
Cr50  1.3948E-04  5.0511E-04  8.3078E-05  1.6341E-05  9.0312E-09  1.0831E-08  1.5253E-08  1.8951E-08  2.5994E-08
Cr51  1.3366E-05  7.8296E-05  9.3176E-06  1.5773E-06  1.7612E-28  1.4469E-28  1.0930E-28  1.0598E-24  1.2663E-22
Cr52  1.3742E-05  9.6830E-05  1.1170E-05  1.2345E-06  1.8113E-07  2.1722E-07  3.0590E-07  3.8042E-07  5.2135E-07
Cr53  2.4567E-08  4.2346E-07  3.5436E-08  2.8600E-08  2.0933E-08  2.5104E-08  3.5354E-08  4.3958E-08  6.0250E-08
Cr54  5.9151E-08  3.4176E-07  1.0520E-07  5.3413E-08  5.3090E-09  6.3669E-09  8.9663E-09  1.1460E-08  1.5295E-08
Cr55  1.2280E-15  1.6158E-16  2.2893E-16  1.8334E-15  0.0000E+00  0.0000E+00  0.0000E+00  0.0000E+00  0.0000E+00
Mn50  1.0739E-59  1.1438E-59  1.1598E-58  9.8088E-60  0.0000E+00  0.0000E+00  0.0000E+00  0.0000E+00  0.0000E+00
Mn51  2.5649E-08  1.6649E-07  1.9710E-08  4.0486E-09  0.0000E+00  0.0000E+00  0.0000E+00  0.0000E+00  0.0000E+00
Mn52  1.7807E-04  5.2093E-04  1.6664E-04  1.3172E-04  0.0000E+00  0.0000E+00  0.0000E+00  0.0000E+00  0.0000E+00
Mn53  8.5082E-05  4.4895E-04  6.8960E-05  2.8632E-05  0.0000E+00  0.0000E+00  0.0000E+00  0.0000E+00  0.0000E+00
Mn54  3.5969E-08  6.1410E-07  3.5262E-08  3.5906E-09  0.0000E+00  0.0000E+00  0.0000E+00  0.0000E+00  0.0000E+00
Mn55  1.1348E-07  4.8084E-07  1.7524E-07  1.4316E-07  1.4098E-07  1.6907E-07  2.3810E-07  2.9592E-07  4.0583E-07
Mn56  2.2806E-10  4.7492E-09  4.7293E-10  3.1013E-11  0.0000E+00  0.0000E+00  0.0000E+00  0.0000E+00  0.0000E+00
Mn57  2.2949E-16  3.2404E-22  1.2776E-18  6.6358E-19  0.0000E+00  0.0000E+00  0.0000E+00  0.0000E+00  0.0000E+00
Fe52  5.3414E-04  1.5577E-03  4.9607E-04  3.9699E-04  0.0000E+00  0.0000E+00  0.0000E+00  0.0000E+00  0.0000E+00
Fe53  3.5075E-16  2.7571E-17  1.0458E-14  9.2768E-13  0.0000E+00  0.0000E+00  0.0000E+00  0.0000E+00  0.0000E+00
Fe54  4.3454E-03  3.6613E-02  3.8383E-03  6.8354E-04  9.5052E-07  1.1400E-06  1.6053E-06  1.9946E-06  2.7359E-06
Fe55  1.1548E-04  6.2102E-04  9.6601E-05  1.8395E-05  8.5456E-24  3.1080E-21  7.5668E-21  2.6183E-14  7.9795E-12
Fe56  1.2900E-04  5.8473E-04  1.2648E-04  2.4860E-05  1.5474E-05  1.8558E-05  2.6133E-05  3.2480E-05  4.4541E-05
Fe57  3.1994E-07  9.0201E-07  4.5993E-07  5.9209E-07  3.6375E-07  4.3623E-07  6.1432E-07  7.6560E-07  1.0472E-06
Fe58  2.5557E-07  1.1914E-06  3.4179E-07  1.2005E-06  4.9257E-08  5.9073E-08  8.3188E-08  1.1430E-07  1.4228E-07
Fe59  4.6994E-09  2.7607E-08  1.3227E-08  9.0782E-08  0.0000E+00  2.8062E-38  0.0000E+00  3.0296E-31  1.7941E-24
Fe60  4.3592E-09  1.7410E-08  1.5924E-08  2.7262E-08  3.0996E-32  3.7141E-35  1.1092E-35  8.8481E-13  1.6991E-12
Fe61  4.4456E-18  1.2563E-17  7.9129E-18  1.9953E-16  0.0000E+00  0.0000E+00  0.0000E+00  0.0000E+00  0.0000E+00
Co54  1.0739E-59  1.1438E-59  1.7138E-59  9.8088E-60  0.0000E+00  0.0000E+00  0.0000E+00  0.0000E+00  0.0000E+00
Co55  3.3020E-04  2.1430E-03  2.4087E-04  5.8526E-05  0.0000E+00  0.0000E+00  0.0000E+00  0.0000E+00  0.0000E+00
Co56  2.4266E-06  1.3153E-05  2.2970E-06  1.4233E-06  0.0000E+00  0.0000E+00  0.0000E+00  0.0000E+00  0.0000E+00
Co57  1.1316E-04  1.4893E-04  1.2647E-04  1.1473E-04  0.0000E+00  0.0000E+00  0.0000E+00  0.0000E+00  0.0000E+00
Co58  1.4231E-08  1.4147E-07  1.4592E-08  6.6758E-09  0.0000E+00  0.0000E+00  0.0000E+00  0.0000E+00  0.0000E+00
Co59  1.0297E-07  8.4822E-07  1.4364E-07  4.8934E-07  5.4908E-08  6.5851E-08  9.2733E-08  1.1877E-07  1.5818E-07
Co60  1.6869E-09  2.7185E-08  6.0057E-09  5.9805E-08  6.0666E-38  1.3480E-35  1.9354E-35  1.6058E-18  3.1554E-18
Co61  2.2307E-10  9.9941E-10  4.4224E-10  2.0822E-10  0.0000E+00  0.0000E+00  0.0000E+00  0.0000E+00  0.0000E+00
Ni56  7.0000E-02  7.0000E-02  7.0000E-02  7.0000E-02  0.0000E+00  0.0000E+00  0.0000E+00  0.0000E+00  0.0000E+00
Ni57  2.0348E-03  2.3648E-03  2.2803E-03  2.1820E-03  0.0000E+00  0.0000E+00  0.0000E+00  0.0000E+00  0.0000E+00
Ni58  4.7577E-03  8.7583E-03  4.6970E-03  4.2243E-03  6.2404E-07  7.4840E-07  1.0539E-06  1.3095E-06  1.7962E-06
Ni59  1.3547E-04  7.5338E-05  1.1210E-04  8.1313E-05  1.1767E-20  1.5516E-20  5.3090E-20  1.9984E-11  3.4451E-11
Ni60  1.2470E-03  3.6126E-04  1.3622E-03  1.6913E-03  2.4866E-07  2.9823E-07  4.1996E-07  5.2707E-07  7.1594E-07
Ni61  3.3877E-05  1.5436E-05  3.5442E-05  3.6827E-05  1.0990E-08  1.3180E-08  1.8560E-08  2.5022E-08  3.1716E-08
Ni62  1.2095E-05  8.9283E-06  1.1005E-05  1.1065E-05  3.5614E-08  4.2711E-08  6.0147E-08  8.0700E-08  1.0270E-07
Ni63  8.8608E-09  1.0995E-08  2.7877E-08  3.3428E-07  1.1941E-39  4.1921E-33  6.7810E-33  2.1489E-27  1.6922E-22
Ni64  1.2553E-07  1.4238E-07  1.8077E-07  1.1603E-06  9.3624E-09  1.1228E-08  1.5812E-08  2.4765E-08  2.7084E-08
Ni65  8.2361E-11  8.0278E-10  8.3591E-10  2.6347E-10  0.0000E+00  0.0000E+00  0.0000E+00  0.0000E+00  0.0000E+00
Cu57  1.0739E-59  1.1438E-59  1.7138E-59  9.8088E-60  0.0000E+00  0.0000E+00  0.0000E+00  0.0000E+00  0.0000E+00
Cu58  1.3728E-49  3.4526E-50  1.0375E-38  3.4191E-36  0.0000E+00  0.0000E+00  0.0000E+00  0.0000E+00  0.0000E+00
Cu59  7.9995E-23  5.6550E-26  1.4291E-23  6.1150E-21  0.0000E+00  0.0000E+00  0.0000E+00  0.0000E+00  0.0000E+00
Cu60  2.6785E-08  7.3295E-09  3.3625E-08  5.0378E-08  0.0000E+00  0.0000E+00  0.0000E+00  0.0000E+00  0.0000E+00
Cu61  2.6612E-05  1.2023E-05  2.7818E-05  2.8810E-05  0.0000E+00  0.0000E+00  0.0000E+00  0.0000E+00  0.0000E+00
Cu62  4.1091E-07  2.9242E-07  3.8339E-07  3.3546E-07  0.0000E+00  0.0000E+00  0.0000E+00  0.0000E+00  0.0000E+00
Cu63  1.9270E-06  4.8940E-07  1.1597E-06  1.2625E-05  6.4275E-09  7.7085E-09  1.0855E-08  1.6857E-08  1.8605E-08
Cu64  2.8458E-10  1.5307E-09  7.6182E-10  1.7337E-08  0.0000E+00  1.4224E-43  0.0000E+00  1.3647E-32  4.0914E-36
Cu65  8.8135E-08  1.0880E-07  1.0240E-07  6.5037E-07  2.9558E-09  3.5448E-09  4.9919E-09  1.1634E-08  8.6446E-09
Cu66  1.4418E-13  2.7913E-16  8.0755E-16  1.3025E-12  0.0000E+00  0.0000E+00  0.0000E+00  0.0000E+00  0.0000E+00
Zn60  1.8642E-24  1.9196E-25  7.7506E-24  3.6260E-21  0.0000E+00  0.0000E+00  0.0000E+00  0.0000E+00  0.0000E+00
Zn61  3.1800E-23  1.1775E-35  8.7764E-25  9.1138E-21  0.0000E+00  0.0000E+00  0.0000E+00  0.0000E+00  0.0000E+00
Zn62  6.0772E-04  4.2816E-04  5.4872E-04  4.8038E-04  0.0000E+00  0.0000E+00  0.0000E+00  0.0000E+00  0.0000E+00
Zn63  2.6762E-09  6.0240E-10  1.6578E-09  1.9866E-08  0.0000E+00  0.0000E+00  0.0000E+00  0.0000E+00  0.0000E+00
Zn64  1.6565E-05  8.8845E-07  6.8291E-06  3.0092E-05  1.0761E-08  1.2906E-08  1.8175E-08  2.4679E-08  3.1034E-08
Zn65  5.9545E-07  1.3456E-07  4.7789E-07  7.0660E-07  3.6267E-34  8.1749E-32  1.2856E-31  3.0367E-28  3.7540E-23
Zn66  2.7538E-06  1.2223E-06  2.1325E-06  2.7881E-06  6.3669E-09  7.6359E-09  1.0753E-08  1.7401E-08  1.8417E-08
Zn67  1.8706E-08  1.9692E-08  2.3578E-08  1.8849E-07  9.4983E-10  1.1391E-09  1.6041E-09  2.8996E-09  2.7540E-09
Zn68  1.3329E-07  1.5130E-07  1.7169E-07  1.0574E-06  4.4085E-09  5.2871E-09  7.4455E-09  1.4888E-08  1.2794E-08
Zn69  1.3592E-11  1.3108E-11  2.0469E-11  4.0417E-10  0.0000E+00  0.0000E+00  0.0000E+00  0.0000E+00  0.0000E+00
Zn70  6.6210E-09  1.0620E-08  2.3774E-08  2.7851E-09  1.5007E-10  1.7996E-10  2.5344E-10  3.1490E-10  4.3193E-10
Zn71  4.3892E-18  1.0700E-24  7.4481E-21  8.3667E-17  0.0000E+00  0.0000E+00  0.0000E+00  0.0000E+00  0.0000E+00
Ga62  1.0739E-59  1.1438E-59  1.7138E-59  9.8088E-60  0.0000E+00  0.0000E+00  0.0000E+00  0.0000E+00  0.0000E+00
Ga63  4.3509E-33  2.8850E-39  8.1901E-34  1.2164E-27  0.0000E+00  0.0000E+00  0.0000E+00  0.0000E+00  0.0000E+00
Ga64  1.8331E-24  3.5098E-36  2.5691E-26  2.1778E-21  0.0000E+00  0.0000E+00  0.0000E+00  0.0000E+00  0.0000E+00
Ga65  1.2741E-13  2.8230E-14  1.3151E-13  2.6738E-13  0.0000E+00  0.0000E+00  0.0000E+00  0.0000E+00  0.0000E+00
Ga66  6.8172E-06  2.8286E-06  5.1253E-06  4.6516E-06  0.0000E+00  0.0000E+00  0.0000E+00  0.0000E+00  0.0000E+00
Ga67  1.9061E-08  7.1054E-09  2.3469E-08  3.4899E-08  0.0000E+00  0.0000E+00  0.0000E+00  0.0000E+00  0.0000E+00
Ga68  1.8338E-12  1.1215E-12  6.6440E-12  2.4162E-10  0.0000E+00  0.0000E+00  0.0000E+00  0.0000E+00  0.0000E+00
Ga69  2.3184E-08  2.7087E-08  2.9359E-08  1.8650E-07  4.3308E-10  5.1939E-10  7.3142E-10  1.7602E-09  1.2621E-09
Ga70  4.3049E-12  1.4147E-14  1.8935E-13  6.4567E-11  0.0000E+00  0.0000E+00  0.0000E+00  0.0000E+00  0.0000E+00
Ga71  2.4729E-08  3.1538E-08  3.3574E-08  1.0582E-07  2.9576E-10  3.5469E-10  4.9950E-10  1.4622E-09  8.6509E-10
Ga72  8.8170E-10  2.9418E-09  3.6345E-09  3.7402E-09  0.0000E+00  0.0000E+00  0.0000E+00  0.0000E+00  0.0000E+00
Ge64  1.9550E-32  3.5729E-47  1.7797E-34  9.0947E-28  0.0000E+00  0.0000E+00  0.0000E+00  0.0000E+00  0.0000E+00
Ge65  2.9913E-38  1.4784E-48  1.2923E-37  1.4868E-34  0.0000E+00  0.0000E+00  0.0000E+00  0.0000E+00  0.0000E+00
Ge66  1.3367E-06  5.5463E-07  1.0115E-06  9.2632E-07  0.0000E+00  0.0000E+00  0.0000E+00  0.0000E+00  0.0000E+00
Ge67  4.5216E-15  1.6755E-15  7.3251E-15  6.5234E-14  0.0000E+00  0.0000E+00  0.0000E+00  0.0000E+00  0.0000E+00
Ge68  7.4981E-09  5.3646E-09  3.9248E-08  1.2910E-07  0.0000E+00  0.0000E+00  0.0000E+00  0.0000E+00  0.0000E+00
Ge69  3.5472E-12  8.0843E-12  1.6782E-11  2.3058E-09  0.0000E+00  0.0000E+00  0.0000E+00  0.0000E+00  0.0000E+00
Ge70  3.7694E-08  4.4126E-08  4.7908E-08  4.2087E-07  6.2056E-10  7.4422E-10  1.0480E-09  2.6183E-09  1.8087E-09
Ge71  1.4144E-09  1.4253E-09  2.7093E-09  4.6545E-08  0.0000E+00  2.2529E-40  0.0000E+00  7.1817E-32  3.9547E-28
Ge72  4.7098E-08  5.4118E-08  6.1223E-08  3.2107E-07  8.4349E-10  1.0116E-09  1.4246E-09  3.1490E-09  2.4490E-09
Ge73  1.2579E-08  1.3067E-08  1.4759E-08  9.6731E-08  2.4005E-10  2.8788E-10  4.0541E-10  8.8685E-10  6.9665E-10
Ge74  8.5474E-08  9.7880E-08  1.0538E-07  4.4682E-07  1.1421E-09  1.3697E-09  1.9288E-09  4.6000E-09  3.3165E-09
Ge75  3.4603E-11  2.9076E-11  3.6747E-11  6.3512E-10  0.0000E+00  0.0000E+00  0.0000E+00  0.0000E+00  0.0000E+00
Ge76  1.2229E-08  9.3251E-09  2.1840E-08  2.8206E-09  2.4602E-10  2.9506E-10  4.1551E-10  5.1628E-10  7.0816E-10
Ge77  3.2343E-10  6.4432E-09  5.4859E-09  1.0135E-11  0.0000E+00  0.0000E+00  0.0000E+00  0.0000E+00  0.0000E+00
As71  2.0818E-13  4.0059E-13  1.0452E-12  1.6313E-10  0.0000E+00  0.0000E+00  0.0000E+00  0.0000E+00  0.0000E+00
As72  3.1774E-13  6.9254E-13  6.6238E-13  3.2800E-10  0.0000E+00  0.0000E+00  0.0000E+00  0.0000E+00  0.0000E+00
As73  6.6254E-11  1.3023E-10  1.0343E-10  1.0123E-08  0.0000E+00  0.0000E+00  0.0000E+00  0.0000E+00  0.0000E+00
As74  1.3977E-11  3.3912E-11  2.3438E-11  1.8588E-09  0.0000E+00  0.0000E+00  0.0000E+00  0.0000E+00  0.0000E+00
As75  1.4250E-08  1.6198E-08  1.7737E-08  7.4048E-08  1.4251E-10  1.7092E-10  2.4068E-10  5.1777E-10  4.1305E-10
As76  6.7464E-10  2.9755E-10  3.1208E-10  8.8552E-09  0.0000E+00  0.0000E+00  0.0000E+00  0.0000E+00  0.0000E+00
As77  1.4062E-08  7.7360E-09  6.5524E-09  1.0491E-08  0.0000E+00  0.0000E+00  0.0000E+00  0.0000E+00  0.0000E+00
Se74  2.7645E-09  5.3210E-09  6.4620E-09  4.7714E-08  1.3722E-11  1.6457E-11  2.3174E-11  2.8792E-11  3.9491E-11
Se75  8.1173E-11  1.5978E-10  1.5863E-10  9.4935E-09  0.0000E+00  6.8714E-40  0.0000E+00  5.1840E-34  6.8883E-26
Se76  2.5146E-08  3.0518E-08  3.6525E-08  1.5767E-07  1.4837E-10  1.7793E-10  2.5058E-10  8.0183E-10  4.3331E-10
Se77  9.6526E-09  9.1715E-09  1.0188E-08  4.0743E-08  1.2241E-10  1.4680E-10  2.0673E-10  4.4999E-10  3.5471E-10
Se78  5.6423E-08  5.9872E-08  7.0236E-08  2.4991E-07  3.8628E-10  4.6326E-10  6.5238E-10  1.9680E-09  1.1251E-09
Se79  4.2762E-09  3.6697E-09  7.8783E-09  5.3608E-08  4.8946E-27  4.9208E-24  6.9938E-24  2.6122E-13  3.6748E-15
Se80  2.5059E-08  2.9490E-08  4.9867E-08  1.6985E-07  8.2688E-10  9.9167E-10  1.3965E-09  1.7606E-09  2.3802E-09
Se81  3.3909E-13  1.8837E-15  7.0649E-15  9.8789E-12  0.0000E+00  0.0000E+00  0.0000E+00  0.0000E+00  0.0000E+00
Se82  1.1652E-08  8.3032E-09  1.9802E-08  1.0830E-09  1.4915E-10  1.7888E-10  2.5189E-10  3.1302E-10  4.2929E-10
Se83  4.7581E-14  4.5098E-14  1.0373E-13  6.8291E-15  0.0000E+00  0.0000E+00  0.0000E+00  0.0000E+00  0.0000E+00
Br75  9.0448E-16  5.6986E-16  1.0298E-14  2.7908E-13  0.0000E+00  0.0000E+00  0.0000E+00  0.0000E+00  0.0000E+00
Br76  2.1805E-14  6.5516E-14  4.3311E-14  7.0619E-11  0.0000E+00  0.0000E+00  0.0000E+00  0.0000E+00  0.0000E+00
Br77  9.7507E-12  1.2418E-11  9.4937E-12  1.2149E-09  0.0000E+00  0.0000E+00  0.0000E+00  0.0000E+00  0.0000E+00
Br78  3.2898E-15  4.4313E-21  1.5888E-16  6.2128E-14  0.0000E+00  0.0000E+00  0.0000E+00  0.0000E+00  0.0000E+00
Br79  4.7319E-09  5.4351E-09  3.7070E-09  1.4809E-08  1.3224E-10  1.5858E-10  2.2333E-10  3.8940E-10  3.8180E-10
Br80  3.7182E-13  5.7163E-15  9.8834E-14  9.2261E-12  0.0000E+00  0.0000E+00  0.0000E+00  0.0000E+00  0.0000E+00
Br81  7.4320E-09  7.3339E-09  1.1800E-08  3.6678E-08  1.3189E-10  1.5818E-10  2.2274E-10  3.0582E-10  3.7994E-10
Br82  3.1350E-10  1.4532E-10  1.9700E-10  1.6388E-09  0.0000E+00  0.0000E+00  0.0000E+00  0.0000E+00  0.0000E+00
Br83  7.8627E-10  9.5624E-10  1.1639E-09  6.5295E-10  0.0000E+00  0.0000E+00  0.0000E+00  0.0000E+00  0.0000E+00
Kr78  9.6857E-10  1.7129E-09  2.3152E-09  4.8441E-09  4.7818E-12  5.7346E-12  8.0759E-12  1.0034E-11  1.3762E-11
Kr79  9.3443E-12  3.1291E-11  5.6368E-11  6.6558E-10  0.0000E+00  0.0000E+00  0.0000E+00  0.0000E+00  0.0000E+00
Kr80  1.1055E-08  1.5442E-08  1.9494E-08  4.3687E-08  3.1513E-11  3.7792E-11  5.3221E-11  3.0587E-10  9.3433E-11
Kr81  3.0896E-09  3.8313E-09  3.2646E-09  6.1562E-09  6.4352E-26  6.8013E-24  1.8464E-23  8.8868E-11  9.9466E-13
Kr82  3.9269E-08  4.5395E-08  4.7203E-08  1.1511E-07  1.6185E-10  1.9410E-10  2.7335E-10  1.0527E-09  4.7323E-10
Kr83  1.5282E-08  1.9294E-08  2.1023E-08  4.9670E-08  1.6229E-10  1.9464E-10  2.7409E-10  5.6874E-10  4.6932E-10
Kr84  7.3193E-08  8.0648E-08  9.4803E-08  2.5322E-07  8.0948E-10  9.7078E-10  1.3671E-09  2.7435E-09  2.3392E-09
Kr85  6.9643E-09  7.6160E-09  1.1538E-08  5.8370E-08  0.0000E+00  7.7754E-37  1.1989E-36  1.8301E-29  3.1665E-24
Kr86  5.1287E-08  4.5687E-08  7.3355E-08  1.0940E-07  2.5062E-10  3.0056E-10  4.2326E-10  5.3202E-10  7.2149E-10
Kr87  1.8048E-12  1.8951E-11  1.3069E-11  3.9555E-13  0.0000E+00  0.0000E+00  0.0000E+00  0.0000E+00  0.0000E+00
Rb79  2.0037E-20  8.0996E-21  9.3072E-19  1.0070E-16  0.0000E+00  0.0000E+00  0.0000E+00  0.0000E+00  0.0000E+00
Rb80  3.5680E-25  4.7983E-35  3.9404E-23  1.0539E-21  0.0000E+00  0.0000E+00  0.0000E+00  0.0000E+00  0.0000E+00
Rb81  2.0000E-13  1.6249E-13  1.9038E-13  9.7597E-12  0.0000E+00  0.0000E+00  0.0000E+00  0.0000E+00  0.0000E+00
Rb82  1.2277E-14  2.2248E-14  2.2311E-14  1.6639E-11  0.0000E+00  0.0000E+00  0.0000E+00  0.0000E+00  0.0000E+00
Rb83  7.1477E-11  8.0854E-11  8.5140E-11  1.2299E-09  0.0000E+00  0.0000E+00  0.0000E+00  0.0000E+00  0.0000E+00
Rb84  2.4461E-12  3.3504E-12  3.5679E-12  2.8305E-10  0.0000E+00  0.0000E+00  0.0000E+00  0.0000E+00  0.0000E+00
Rb85  1.4451E-08  1.5912E-08  1.7599E-08  3.5698E-08  1.8989E-10  2.2774E-10  3.2070E-10  5.8683E-10  5.4820E-10
Rb86  1.5240E-09  2.0007E-09  2.6129E-09  1.2906E-08  0.0000E+00  6.6948E-40  0.0000E+00  6.8882E-32  7.9441E-27
Rb87  2.7019E-08  2.8574E-08  3.6745E-08  4.6049E-08  7.9981E-11  9.5922E-11  1.3509E-10  1.6863E-10  2.3025E-10
Rb88  4.4655E-14  3.0361E-15  1.6223E-14  2.1135E-13  0.0000E+00  0.0000E+00  0.0000E+00  0.0000E+00  0.0000E+00
Sr84  1.2210E-08  2.5085E-08  3.4011E-08  8.6511E-09  3.3090E-12  3.9685E-12  5.5887E-12  6.9434E-12  9.5231E-12
Sr85  1.0771E-10  7.1521E-10  1.2617E-09  7.6960E-10  0.0000E+00  2.0172E-41  0.0000E+00  7.0789E-35  6.8801E-27
Sr86  4.4099E-08  6.2374E-08  8.8733E-08  7.3909E-08  5.9911E-11  7.1850E-11  1.0118E-10  7.0084E-10  1.7717E-10
Sr87  2.6868E-08  2.9889E-08  3.5331E-08  5.0343E-08  4.2363E-11  5.0805E-11  7.1542E-11  4.3106E-10  1.2454E-10
Sr88  6.5498E-07  7.4514E-07  9.9184E-07  3.4968E-07  5.1364E-10  6.1601E-10  8.6748E-10  2.6952E-09  1.4884E-09
Sr89  3.1525E-08  3.0661E-08  4.8479E-08  1.4622E-08  0.0000E+00  8.0069E-41  0.0000E+00  2.5363E-32  9.4259E-27
Sr90  2.7241E-08  4.5244E-08  8.6024E-08  3.6615E-09  0.0000E+00  0.0000E+00  0.0000E+00  0.0000E+00  5.2236E-28
Sr91  4.2846E-10  8.4159E-09  4.8893E-09  3.4881E-12  0.0000E+00  0.0000E+00  0.0000E+00  0.0000E+00  0.0000E+00
Y85   4.5479E-14  3.4184E-14  4.9116E-14  3.4978E-14  0.0000E+00  0.0000E+00  0.0000E+00  0.0000E+00  0.0000E+00
Y86   5.3721E-14  1.3408E-13  1.7589E-13  1.3104E-12  0.0000E+00  0.0000E+00  0.0000E+00  0.0000E+00  0.0000E+00
Y87   3.4444E-11  4.9126E-11  6.0416E-11  1.0791E-10  0.0000E+00  0.0000E+00  0.0000E+00  0.0000E+00  0.0000E+00
Y88   3.8395E-11  7.0588E-11  8.3725E-11  2.6137E-10  0.0000E+00  0.0000E+00  0.0000E+00  0.0000E+00  0.0000E+00
Y89   1.8934E-07  2.1597E-07  2.9256E-07  6.5267E-08  1.3746E-10  1.6485E-10  2.3216E-10  5.8117E-10  3.9730E-10
Y90   2.9069E-09  3.3123E-09  4.3549E-09  6.1981E-10  0.0000E+00  0.0000E+00  0.0000E+00  0.0000E+00  0.0000E+00
Y91   4.4547E-08  4.4493E-08  6.9313E-08  1.0637E-09  0.0000E+00  0.0000E+00  0.0000E+00  0.0000E+00  0.0000E+00
Zr90  3.9956E-07  5.0255E-07  8.7924E-07  4.6556E-08  1.6765E-10  2.0106E-10  2.8316E-10  5.1481E-10  4.8340E-10
Zr91  4.7035E-08  5.4780E-08  7.5216E-08  9.0803E-09  3.6967E-11  4.4334E-11  6.2433E-11  1.1194E-10  1.0658E-10
Zr92  1.1776E-07  1.4699E-07  2.0039E-07  1.2715E-08  5.7127E-11  6.8511E-11  9.6480E-11  1.6541E-10  1.6465E-10
Zr93  3.4889E-08  3.7007E-08  5.4305E-08  3.4569E-09  7.7289E-25  2.2659E-24  8.1759E-24  1.1428E-11  5.8176E-14
Zr94  1.3480E-07  1.3637E-07  2.1846E-07  7.6549E-09  5.9151E-11  7.0939E-11  9.9900E-11  1.5107E-10  1.7039E-10
Zr95  1.8055E-08  1.7030E-08  3.0832E-08  1.2592E-09  0.0000E+00  8.4910E-41  0.0000E+00  3.9796E-33  1.2325E-26
Zr96  7.1489E-08  1.0110E-07  1.9249E-07  1.8452E-09  0.0000E+00  0.0000E+00  0.0000E+00  0.0000E+00  3.0496E-27
Zr97  3.6023E-10  3.5876E-09  2.4484E-09  9.8773E-14  0.0000E+00  0.0000E+00  0.0000E+00  0.0000E+00  0.0000E+00
Nb91  6.6335E-10  8.7578E-10  1.6901E-09  9.3911E-11  0.0000E+00  0.0000E+00  0.0000E+00  0.0000E+00  0.0000E+00
Nb92  5.3988E-11  9.0497E-11  1.6270E-10  1.0583E-11  0.0000E+00  0.0000E+00  0.0000E+00  0.0000E+00  0.0000E+00
Nb93  5.7806E-10  8.5055E-10  1.8933E-09  6.5294E-11  2.5543E-11  3.0633E-11  4.3139E-11  5.4070E-11  7.3512E-11
Nb94  3.8955E-11  5.2939E-11  1.0188E-10  1.2225E-12  1.2242E-29  3.5977E-28  1.8557E-28  5.4326E-24  5.7133E-25
Nb95  5.9420E-10  5.9778E-10  1.4224E-09  1.1926E-10  0.0000E+00  3.3446E-41  0.0000E+00  2.1721E-33  1.3451E-26
Nb96  2.4544E-11  1.3933E-11  4.7396E-11  2.2404E-12  0.0000E+00  0.0000E+00  0.0000E+00  0.0000E+00  0.0000E+00
Nb97  3.7671E-11  2.6854E-10  1.9617E-10  1.8826E-13  0.0000E+00  0.0000E+00  0.0000E+00  0.0000E+00  0.0000E+00
Mo92  5.2815E-08  7.8575E-08  2.0277E-07  1.7959E-10  9.6536E-12  1.1577E-11  1.6304E-11  2.0257E-11  2.7785E-11
Mo93  2.4290E-09  3.1157E-09  8.9927E-09  8.1074E-12  3.4228E-32  1.8424E-28  1.0469E-29  1.7922E-22  4.3372E-20
Mo94  3.2576E-08  4.2866E-08  1.1370E-07  1.1197E-10  6.2141E-12  7.4525E-12  1.0495E-11  1.3063E-11  1.7897E-11
Mo95  6.4298E-09  6.2632E-09  9.6565E-09  1.0316E-10  1.0870E-11  1.3036E-11  1.8357E-11  2.5074E-11  3.1297E-11
Mo96  3.0989E-08  3.8302E-08  7.1616E-08  7.0846E-10  2.1294E-11  2.5539E-11  3.5963E-11  4.9572E-11  6.1319E-11
Mo97  7.2237E-09  8.0082E-09  1.2125E-08  2.8258E-10  6.7263E-12  8.0669E-12  1.1360E-11  1.5699E-11  1.9370E-11
Mo98  2.6406E-08  2.7835E-08  4.4710E-08  1.0112E-09  1.7268E-11  2.0710E-11  2.9164E-11  4.0963E-11  4.9729E-11
Xe132  6.2551E-08  7.4223E-08  1.0830E-07  2.0125E-09  5.7921E-11  6.9463E-11  9.7822E-11  1.2885E-10  1.6675E-10
Xe133  4.9240E-09  6.6789E-09  1.1423E-08  1.4447E-10  0.0000E+00  0.0000E+00  0.0000E+00  2.1495E-34  7.2886E-32
Xe134  3.3764E-08  3.1636E-08  7.5758E-08  3.6380E-10  2.1711E-11  2.6037E-11  3.6667E-11  4.5560E-11  6.2492E-11
Xe135  2.6859E-09  1.5915E-08  2.5458E-08  1.0765E-12  0.0000E+00  0.0000E+00  0.0000E+00  0.0000E+00  0.0000E+00
Cs133  1.1024E-08  1.1160E-08  2.2593E-08  2.3549E-10  1.5228E-11  1.8263E-11  2.5718E-11  3.2869E-11  4.3830E-11
Cs134  6.8243E-10  6.6995E-10  1.3360E-09  6.2560E-11  0.0000E+00  1.4708E-38  1.5153E-38  3.5940E-32  4.1964E-25
Cs135  7.7809E-09  1.4418E-08  2.3427E-08  2.7915E-10  2.3009E-25  4.3205E-25  1.5574E-24  1.0653E-15  8.0174E-16
Cs136  2.2802E-09  1.2073E-09  1.9071E-09  8.9579E-11  0.0000E+00  0.0000E+00  0.0000E+00  1.7320E-37  4.8776E-31
Cs137  3.2017E-08  1.3021E-08  1.6746E-08  3.9012E-10  0.0000E+00  0.0000E+00  0.0000E+00  0.0000E+00  7.9147E-30
Cs138  1.0907E-16  9.6969E-16  4.5401E-16  3.4096E-19  0.0000E+00  0.0000E+00  0.0000E+00  0.0000E+00  0.0000E+00
Ba134  2.7384E-08  3.5314E-08  7.2427E-08  3.2682E-10  4.6683E-12  5.5987E-12  7.8845E-12  1.2303E-11  1.3461E-11
Ba135  6.1991E-09  6.1536E-09  1.0054E-08  1.2582E-10  1.2827E-11  1.5384E-11  2.1664E-11  2.7788E-11  3.6921E-11
Ba136  6.5848E-08  7.9694E-08  1.4611E-07  1.1899E-09  1.5396E-11  1.8465E-11  2.6002E-11  3.7218E-11  4.4351E-11
Ba137  4.2111E-08  4.4785E-08  7.7006E-08  8.1696E-10  2.2180E-11  2.6600E-11  3.7460E-11  4.9699E-11  6.3862E-11
Ba138  7.4849E-07  8.8341E-07  1.7767E-06  3.7381E-09  1.4261E-10  1.7104E-10  2.4086E-10  3.1063E-10  4.1063E-10
Ba139  9.1618E-12  3.1673E-11  4.7036E-11  4.5110E-16  0.0000E+00  0.0000E+00  0.0000E+00  0.0000E+00  0.0000E+00
La138  2.2544E-11  2.8735E-11  5.4718E-11  4.5240E-14  1.5056E-14  1.8057E-14  2.5427E-14  3.1653E-14  4.3338E-14
La139  1.1173E-07  1.0672E-07  2.1047E-07  3.2362E-10  1.6650E-11  1.9968E-11  2.8119E-11  3.5888E-11  4.7934E-11
La140  2.0184E-10  7.4427E-10  1.0311E-09  4.6922E-15  0.0000E+00  0.0000E+00  0.0000E+00  0.0000E+00  0.0000E+00
Ce140  2.0900E-07  2.2571E-07  4.9387E-07  4.5037E-10  4.4835E-11  5.3770E-11  7.5720E-11  9.5417E-11  1.2907E-10
Ce141  1.5024E-08  3.0128E-08  4.1823E-08  4.5353E-11  0.0000E+00  0.0000E+00  0.0000E+00  4.1246E-35  5.0109E-28
Pr141  1.6169E-08  1.7174E-08  5.0080E-08  3.3306E-11  7.0471E-12  8.4514E-12  1.1902E-11  1.4898E-11  2.0285E-11
Pr142  4.6910E-10  1.7039E-09  3.7108E-09  1.2296E-13  0.0000E+00  0.0000E+00  0.0000E+00  0.0000E+00  0.0000E+00
Nd142  5.7480E-08  7.1808E-08  2.1413E-07  9.7915E-11  9.6194E-12  1.1536E-11  1.6246E-11  2.0481E-11  2.7694E-11
Nd143  5.4809E-09  5.9072E-09  1.1935E-08  1.2226E-11  4.3066E-12  5.1649E-12  7.2733E-12  9.0752E-12  1.2395E-11
Nd144  1.7121E-08  1.8665E-08  3.9430E-08  3.2809E-11  8.5591E-12  1.0265E-11  1.4455E-11  1.8074E-11  2.4639E-11
Hg202  3.3558E-08  3.4967E-08  8.3423E-08  4.8565E-11  8.4962E-12  1.0189E-11  1.4349E-11  1.8012E-11  2.4460E-11
Hg203  1.4088E-09  5.3650E-09  1.5311E-08  9.2643E-13  0.0000E+00  0.0000E+00  0.0000E+00  6.2420E-35  1.8892E-27
Hg204  2.3177E-09  1.6560E-08  5.3547E-08  2.6976E-12  1.9742E-12  2.3675E-12  3.3341E-12  4.1426E-12  5.6820E-12
Hg205  1.5973E-18  8.7220E-17  7.4669E-17  1.1653E-19  0.0000E+00  0.0000E+00  0.0000E+00  0.0000E+00  0.0000E+00
Tl203  1.5702E-08  1.4788E-08  3.0093E-08  2.5009E-11  4.5338E-12  5.4373E-12  7.6570E-12  9.5901E-12  1.3051E-11
Tl204  2.0805E-09  2.3990E-09  5.0186E-09  3.7750E-12  0.0000E+00  2.5440E-39  3.2487E-39  2.1220E-33  3.8072E-26
Tl205  2.6497E-08  2.6612E-08  6.0495E-08  2.7910E-11  1.0929E-11  1.3107E-11  1.8458E-11  2.3094E-11  3.1460E-11
Tl206  6.6531E-16  2.3585E-16  3.2664E-16  2.9773E-18  0.0000E+00  0.0000E+00  0.0000E+00  0.0000E+00  0.0000E+00
Pb204  2.0671E-08  2.0921E-08  5.2537E-08  2.4566E-11  2.1817E-12  2.6164E-12  3.6846E-12  4.6963E-12  6.2831E-12
Pb205  6.6677E-09  7.8222E-09  1.7648E-08  1.0712E-11  2.0025E-27  1.8131E-27  2.4092E-27  3.9038E-22  3.0868E-24
Pb206  1.1612E-07  1.2578E-07  2.7614E-07  1.1809E-10  2.0500E-11  2.4585E-11  3.4622E-11  4.3476E-11  5.9017E-11
Pb207  1.1471E-07  1.2296E-07  2.6627E-07  1.0057E-10  2.2795E-11  2.7337E-11  3.8498E-11  4.8233E-11  6.5624E-11
Pb208  1.8270E-07  2.0199E-07  4.6487E-07  2.1030E-10  6.5562E-11  7.8627E-11  1.1073E-10  1.3839E-10  1.8873E-10
Pb209  5.7163E-14  1.7454E-13  2.9243E-13  2.0762E-18  0.0000E+00  0.0000E+00  0.0000E+00  0.0000E+00  0.0000E+00
Bi208  4.2444E-10  7.4501E-10  3.4109E-09  1.8986E-12  0.0000E+00  0.0000E+00  0.0000E+00  0.0000E+00  0.0000E+00
Bi209  5.4350E-09  5.9886E-09  1.0820E-08  1.4556E-11  8.8906E-12  1.0662E-11  1.5015E-11  1.8690E-11  2.5591E-11
