#v=150 km/s  [Fe/H]=-2
Isotope 13MSun 15MSun 20MSun 25MSun 30MSun 40MSun 60MSun 80MSun 120MSun
H     4.8704E+00  5.4811E+00  6.9739E+00  8.7150E+00  2.2019E+00  1.1919E+01  1.5197E+01  1.8996E+01  2.3021E+01
H2    1.2296E-16  1.6947E-16  1.4258E-14  2.1389E-13  1.5674E-12  1.6135E-11  1.6675E-10  4.2098E-10  9.8477E-08
H3    7.4087E-25  1.4473E-22  5.4996E-19  3.3360E-17  5.1548E-16  1.4050E-14  3.2012E-14  1.5134E-13  1.2390E-12
He3   1.4486E-04  1.5280E-04  1.7344E-04  9.8666E-05  2.7682E-05  1.5896E-04  2.9791E-04  3.4888E-04  4.3934E-04
He4   3.8019E+00  4.3682E+00  5.7044E+00  6.6429E+00  1.0434E+00  6.2163E+00  8.6965E+00  1.2306E+01  2.3843E+01
Li6   4.0471E-14  7.3967E-14  1.9439E-13  3.9547E-13  6.9543E-13  4.8586E-13  4.8922E-13  6.6120E-13  1.5506E-12
Li7   9.3481E-10  6.0799E-10  3.5576E-11  1.0302E-09  2.6017E-11  1.7462E-08  1.2737E-08  6.4083E-09  1.1994E-10
Be7   1.4715E-12  2.3323E-12  1.8867E-12  2.0455E-09  3.3150E-17  1.2578E-09  3.4101E-09  2.4523E-09  3.5769E-11
Be9   9.2619E-16  1.6843E-15  4.6014E-15  9.3440E-15  1.4766E-14  1.3652E-14  1.0010E-14  1.2885E-14  3.1835E-14
Be10  8.8946E-60  1.0685E-59  1.4603E-59  2.1716E-59  0.0000E+00  0.0000E+00  0.0000E+00  0.0000E+00  3.5396E-42
B10   6.1224E-15  1.0894E-14  2.9544E-14  5.9526E-14  8.9985E-14  9.9227E-14  6.0445E-14  7.7387E-14  1.9408E-13
B11   9.4147E-12  1.0172E-11  1.0797E-11  5.5779E-12  2.3006E-12  4.0808E-12  3.4694E-12  4.4379E-12  7.3194E-12
C12   3.0435E-01  3.8691E-01  5.5780E-01  8.5541E-01  2.3002E-05  1.1058E-02  3.7462E-02  1.1911E-01  5.2895E-01
C13   9.4023E-04  1.3876E-03  3.9204E-04  1.7923E-04  3.0089E-06  1.1163E-03  2.1988E-03  3.8537E-03  4.7466E-03
C14   1.6758E-03  3.3392E-03  5.3982E-03  3.0992E-04  1.1600E-23  5.2255E-14  3.3303E-13  1.5295E-12  9.7814E-12
N13   4.4441E-13  1.1012E-11  3.1035E-12  3.2213E-13  1.0860E-34  2.4006E-13  8.6157E-13  1.4973E-12  8.4505E-13
N14   5.8143E-02  6.5678E-02  9.4109E-02  7.9601E-03  4.0206E-04  1.7183E-02  2.8380E-02  4.3325E-02  6.2026E-02
N15   6.0038E-04  1.0992E-03  1.4692E-03  1.3466E-05  1.1094E-08  3.4800E-07  5.6724E-07  8.5272E-07  1.2046E-06
N16   2.5578E-25  2.7594E-25  1.2616E-21  6.6040E-26  0.0000E+00  0.0000E+00  0.0000E+00  0.0000E+00  0.0000E+00
O15   1.5513E-15  4.8102E-16  8.8786E-16  1.0470E-14  4.5048E-37  4.4399E-15  1.5862E-14  2.1656E-14  1.4086E-14
O16   1.4704E+00  1.6493E+00  3.0446E+00  4.6394E+00  3.8813E-04  7.3106E-03  2.6595E-02  7.0416E-02  2.4062E-01
O17   5.4430E-04  6.5176E-04  4.7616E-04  5.1937E-05  6.1193E-07  5.4412E-06  1.0352E-05  1.5741E-05  1.4628E-05
O18   8.5887E-03  1.3084E-02  6.0831E-02  6.9387E-05  2.4456E-07  1.4244E-06  3.5944E-06  4.1133E-06  6.8891E-06
O19   1.6306E-21  9.7654E-21  1.2721E-19  1.1672E-20  0.0000E+00  0.0000E+00  0.0000E+00  0.0000E+00  0.0000E+00
F17   8.3593E-19  1.1692E-18  8.1384E-17  2.5742E-18  0.0000E+00  1.6556E-17  1.2341E-16  1.8445E-16  6.5947E-17
F18   1.4230E-07  3.3765E-07  3.3577E-06  2.5935E-07  0.0000E+00  3.6703E-18  3.1098E-17  4.4827E-17  1.5016E-17
F19   5.2768E-05  1.1385E-04  1.7215E-04  1.4406E-04  5.7376E-09  5.6077E-08  6.5060E-08  7.6292E-08  8.0350E-08
F20   1.7785E-19  1.2546E-19  4.3942E-18  7.9778E-19  0.0000E+00  0.0000E+00  0.0000E+00  0.0000E+00  0.0000E+00
Ne20  1.2106E-01  7.8979E-02  7.7654E-02  4.2674E-01  3.4410E-05  1.9366E-04  2.6454E-04  3.7758E-04  7.4272E-04
Ne21  1.9475E-04  3.2985E-04  4.5894E-04  1.0095E-03  7.8990E-08  6.3318E-07  1.9206E-06  5.7008E-06  2.6681E-05
Ne22  1.1740E-02  1.5460E-02  3.8932E-02  2.0760E-02  1.5285E-06  3.6950E-05  7.8746E-05  2.0378E-04  8.3989E-04
Ne23  1.4939E-15  1.0697E-16  3.7931E-15  1.3129E-14  0.0000E+00  0.0000E+00  0.0000E+00  0.0000E+00  0.0000E+00
Na21  1.5231E-14  2.1271E-14  1.8681E-14  7.1368E-14  0.0000E+00  0.0000E+00  0.0000E+00  0.0000E+00  0.0000E+00
Na22  8.4894E-07  1.5161E-06  1.3645E-06  2.0435E-06  0.0000E+00  1.6883E-17  2.3018E-16  4.2083E-16  7.8556E-17
Na23  5.1734E-04  4.3349E-04  5.3306E-04  1.6630E-03  6.2121E-06  3.4480E-05  4.5679E-05  6.2200E-05  9.7495E-05
Na24  1.0105E-07  4.5558E-08  3.4592E-07  6.9082E-07  0.0000E+00  0.0000E+00  0.0000E+00  0.0000E+00  0.0000E+00
Mg23  1.7903E-13  1.0271E-15  6.5200E-15  1.0991E-12  0.0000E+00  0.0000E+00  0.0000E+00  0.0000E+00  0.0000E+00
Mg24  3.2700E-02  1.5065E-02  4.8290E-02  1.1730E-01  3.2586E-05  1.8376E-04  2.4484E-04  3.2302E-04  4.8945E-04
Mg25  6.7737E-04  1.3521E-03  1.5856E-03  6.1381E-03  2.5672E-06  1.4067E-05  1.7774E-05  2.4085E-05  4.4643E-05
Mg26  6.6832E-04  8.6076E-04  1.4243E-03  6.5410E-03  4.0027E-06  2.1522E-05  2.6550E-05  3.2822E-05  4.3371E-05
Mg27  5.2657E-12  6.4511E-14  2.0050E-13  3.6233E-10  0.0000E+00  0.0000E+00  0.0000E+00  0.0000E+00  0.0000E+00
Al25  9.0262E-17  1.6279E-15  2.5411E-17  1.1648E-15  0.0000E+00  0.0000E+00  0.0000E+00  0.0000E+00  0.0000E+00
Al26  3.1852E-05  4.2898E-05  7.9455E-05  1.3541E-04  5.8772E-08  4.0866E-07  1.0665E-06  2.5011E-06  9.5901E-06
Alg6  9.4606E-08  1.5067E-07  2.2037E-07  2.1496E-06  5.8772E-08  4.0866E-07  1.0665E-06  2.5011E-06  9.5901E-06
Alm6  3.7181E-17  5.3699E-13  9.8413E-15  1.1742E-12  0.0000E+00  1.1481E-23  4.9407E-23  7.6699E-23  3.5522E-23
Al27  1.3651E-03  5.9173E-04  2.4672E-03  7.4473E-03  3.9806E-06  2.4447E-05  3.7774E-05  5.9705E-05  1.4132E-04
Al28  1.0125E-11  2.9388E-16  5.8746E-14  1.5837E-10  0.0000E+00  0.0000E+00  0.0000E+00  0.0000E+00  0.0000E+00
Si27  1.8607E-16  2.7077E-20  1.5919E-19  8.6727E-16  0.0000E+00  0.0000E+00  0.0000E+00  0.0000E+00  0.0000E+00
Si28  7.6889E-02  1.9806E-01  2.0622E-01  2.1573E-01  5.1506E-05  2.8902E-04  3.8285E-04  5.0605E-04  7.8427E-04
Si29  5.2572E-04  4.4650E-04  1.5680E-03  2.9924E-03  2.6887E-06  1.4968E-05  1.9610E-05  2.5614E-05  3.8094E-05
Si30  5.3165E-04  2.2160E-04  1.8156E-03  3.9629E-03  1.8515E-06  1.0469E-05  1.4018E-05  1.8766E-05  3.0419E-05
Si31  1.5155E-09  3.8411E-10  4.4593E-09  3.5692E-08  0.0000E+00  0.0000E+00  0.0000E+00  0.0000E+00  0.0000E+00
Si32  1.0924E-10  8.4930E-11  4.6925E-10  2.9745E-09  0.0000E+00  0.0000E+00  0.0000E+00  0.0000E+00  0.0000E+00
P29   3.4903E-20  2.0635E-20  4.5153E-20  2.3642E-19  0.0000E+00  0.0000E+00  0.0000E+00  0.0000E+00  0.0000E+00
P30   1.7560E-12  6.1345E-15  4.7837E-13  3.5305E-11  0.0000E+00  0.0000E+00  0.0000E+00  0.0000E+00  0.0000E+00
P31   1.9277E-04  3.8620E-04  6.3772E-04  1.0508E-03  1.9065E-07  1.0729E-06  1.4245E-06  1.9049E-06  3.1565E-06
P32   7.0789E-08  1.3459E-07  2.2019E-07  7.9309E-07  0.0000E+00  1.9395E-32  6.7181E-33  2.2687E-30  2.2377E-29
P33   3.4021E-08  1.3373E-07  1.5172E-07  3.2021E-07  0.0000E+00  0.0000E+00  3.9506E-47  0.0000E+00  0.0000E+00
P34   3.1900E-19  3.4917E-22  1.2827E-20  4.8587E-18  0.0000E+00  0.0000E+00  0.0000E+00  0.0000E+00  0.0000E+00
S31   6.5387E-21  7.7694E-27  1.3017E-24  5.3692E-20  0.0000E+00  0.0000E+00  0.0000E+00  0.0000E+00  0.0000E+00
S32   2.7357E-02  2.0196E-01  8.1073E-02  6.9253E-02  2.1422E-05  1.1989E-04  1.5821E-04  2.0783E-04  3.1295E-04
S33   1.5028E-04  1.0032E-03  4.7076E-04  5.8677E-04  1.7686E-07  1.0176E-06  1.3890E-06  1.9818E-06  3.9993E-06
S34   4.0404E-04  7.0045E-04  1.6273E-03  2.2816E-03  1.0286E-06  5.7630E-06  7.6182E-06  1.0062E-05  1.5675E-05
S35   2.5455E-08  5.3497E-07  1.2481E-07  3.2931E-07  0.0000E+00  2.6265E-31  8.8733E-32  1.9902E-29  1.5754E-28
S36   2.6240E-08  1.3779E-07  7.7449E-08  2.1442E-07  5.0772E-09  2.8424E-08  3.7520E-08  4.9328E-08  7.4587E-08
S37   1.6825E-18  9.4787E-21  8.4227E-20  3.1921E-17  0.0000E+00  0.0000E+00  0.0000E+00  0.0000E+00  0.0000E+00
Cl33  4.1534E-23  4.4949E-23  3.3446E-23  2.5398E-22  0.0000E+00  0.0000E+00  0.0000E+00  0.0000E+00  0.0000E+00
Cl34  3.5190E-24  3.3974E-25  1.3770E-24  1.1857E-23  0.0000E+00  0.0000E+00  0.0000E+00  0.0000E+00  0.0000E+00
Cl35  3.8059E-05  7.1733E-04  1.3822E-04  1.8641E-04  2.0041E-07  1.1210E-06  1.4784E-06  1.9390E-06  2.9024E-06
Cl36  1.4079E-07  3.0063E-06  4.8859E-07  8.6893E-07  4.6057E-15  4.4581E-10  1.4159E-09  4.3808E-09  2.0792E-08
Cl37  1.5956E-06  6.1908E-06  2.8909E-06  3.9041E-06  6.7716E-08  3.9727E-07  5.5100E-07  8.1695E-07  1.8278E-06
Cl38  8.8069E-14  1.6654E-12  1.9673E-12  3.7822E-12  0.0000E+00  0.0000E+00  0.0000E+00  0.0000E+00  0.0000E+00
Ar36  5.2687E-03  5.9242E-02  1.5996E-02  1.2504E-02  4.0923E-06  2.2890E-05  3.0189E-05  3.9597E-05  5.9250E-05
Ar37  1.1800E-05  3.3788E-04  3.7423E-05  3.9608E-05  5.9346E-26  1.4186E-24  4.6276E-23  3.1702E-22  2.8083E-20
Ar38  1.7966E-04  1.7979E-03  7.0928E-04  9.6237E-04  7.8536E-07  4.3961E-06  5.8031E-06  7.6308E-06  1.1568E-05
Ar39  8.1744E-08  3.8932E-07  7.8101E-08  2.3552E-07  2.8671E-31  6.7107E-26  5.9490E-25  3.5960E-24  3.1776E-23
Ar40  5.7995E-08  1.0310E-07  5.0462E-08  1.1686E-07  1.3222E-09  7.4040E-09  9.7787E-09  1.2891E-08  1.9990E-08
Ar41  1.7284E-13  6.2251E-13  2.6371E-11  7.0787E-12  0.0000E+00  0.0000E+00  0.0000E+00  0.0000E+00  0.0000E+00
K37   1.3741E-30  3.6151E-30  6.7556E-31  2.8796E-30  0.0000E+00  0.0000E+00  0.0000E+00  0.0000E+00  0.0000E+00
K38   7.8174E-14  5.5898E-18  5.3232E-14  1.2422E-13  0.0000E+00  0.0000E+00  0.0000E+00  0.0000E+00  0.0000E+00
K39   3.0906E-05  1.5546E-03  9.5610E-05  1.2224E-04  9.2996E-08  5.2130E-07  6.8908E-07  9.0943E-07  1.3997E-06
K40   3.8853E-08  1.3056E-06  8.9750E-08  1.5564E-07  1.4999E-10  1.3029E-09  2.3851E-09  5.4254E-09  2.2961E-08
K41   7.0634E-08  3.3533E-07  1.2702E-07  2.4253E-07  7.0555E-09  3.9720E-08  5.2830E-08  7.1057E-08  1.2082E-07
K42   1.6812E-10  1.1186E-09  5.0942E-09  2.8799E-09  0.0000E+00  0.0000E+00  0.0000E+00  0.0000E+00  0.0000E+00
Ca40  4.9119E-03  6.8613E-02  1.5264E-02  1.1205E-02  4.5382E-06  2.5391E-05  3.3495E-05  4.3962E-05  6.5952E-05
Ca41  3.3212E-06  3.4367E-04  9.8254E-06  1.0483E-05  1.5557E-13  8.3613E-09  2.1111E-08  5.9475E-08  2.4102E-07
Ca42  6.1241E-06  1.5667E-04  2.2368E-05  3.0472E-05  3.1802E-08  1.8300E-07  2.5062E-07  3.6282E-07  7.8112E-07
Ca43  2.3535E-07  1.8273E-06  3.0854E-07  4.2916E-07  6.7936E-09  3.8758E-08  5.2732E-08  7.5671E-08  1.6707E-07
Ca44  9.2992E-07  1.6784E-06  1.4932E-06  2.1986E-06  1.0742E-07  6.0178E-07  7.9560E-07  1.0532E-06  1.6946E-06
Ca45  3.5786E-08  5.9577E-08  7.4857E-08  1.9321E-07  0.0000E+00  1.3481E-30  4.5547E-31  1.1889E-28  1.3361E-27
Ca46  1.3667E-08  3.8119E-08  3.7704E-08  6.9967E-08  2.1534E-10  1.2049E-09  1.5896E-09  2.0868E-09  3.1344E-09
Ca47  4.8674E-11  1.2813E-09  2.1819E-09  2.1884E-09  0.0000E+00  4.6318E-35  1.6366E-35  2.4325E-33  9.2829E-33
Ca48  3.1617E-08  3.6187E-08  4.7010E-08  5.8888E-08  1.0505E-08  5.8803E-08  7.7614E-08  1.0202E-07  1.5408E-07
Ca49  1.3653E-17  5.3520E-19  6.7536E-19  7.5634E-17  0.0000E+00  0.0000E+00  0.0000E+00  0.0000E+00  0.0000E+00
Sc41  2.9039E-43  4.7523E-43  4.8957E-44  1.4305E-43  0.0000E+00  0.0000E+00  0.0000E+00  0.0000E+00  0.0000E+00
Sc42  1.3739E-36  1.3414E-38  1.0272E-37  2.6375E-37  0.0000E+00  0.0000E+00  0.0000E+00  0.0000E+00  0.0000E+00
Sc43  2.4626E-08  4.1022E-07  2.1660E-08  3.0062E-08  0.0000E+00  0.0000E+00  0.0000E+00  0.0000E+00  0.0000E+00
Sc44  9.6508E-10  1.7342E-07  2.1072E-09  2.2497E-09  0.0000E+00  0.0000E+00  0.0000E+00  0.0000E+00  0.0000E+00
Sc45  1.8826E-07  6.0040E-06  5.1607E-07  5.5526E-07  1.5189E-09  8.7066E-09  1.1776E-08  1.6690E-08  3.8393E-08
Sc46  1.3173E-08  1.6757E-08  2.9671E-08  5.3925E-08  0.0000E+00  3.5994E-31  1.2717E-31  9.5268E-29  1.4979E-27
Sc47  7.2650E-10  3.6051E-09  2.0320E-08  9.7365E-09  0.0000E+00  3.7364E-35  1.2474E-35  1.8541E-33  7.0747E-33
Sc48  1.0925E-10  1.7887E-10  6.0015E-09  6.8051E-10  0.0000E+00  0.0000E+00  0.0000E+00  0.0000E+00  0.0000E+00
Sc49  8.3493E-14  5.8315E-14  1.2750E-11  6.5580E-13  0.0000E+00  0.0000E+00  0.0000E+00  0.0000E+00  0.0000E+00
Ti44  2.9618E-05  9.7291E-05  3.9793E-05  4.5042E-05  0.0000E+00  0.0000E+00  0.0000E+00  0.0000E+00  0.0000E+00
Ti45  3.2354E-08  1.6828E-06  1.0339E-07  9.8168E-08  0.0000E+00  0.0000E+00  0.0000E+00  0.0000E+00  0.0000E+00
Ti46  3.6777E-06  9.6565E-05  1.1898E-05  1.6885E-05  1.6126E-08  9.0414E-08  1.1963E-07  1.5864E-07  2.5869E-07
Ti47  4.3970E-07  4.1741E-06  6.4884E-07  1.0284E-06  1.4858E-08  8.3050E-08  1.0953E-07  1.4379E-07  2.1936E-07
Ti48  4.9021E-07  1.0059E-06  8.5431E-07  1.2969E-06  1.5036E-07  8.4022E-07  1.1072E-06  1.4495E-06  2.1609E-06
Ti49  1.5131E-07  2.3509E-07  3.2845E-07  7.5150E-07  1.1264E-08  6.4247E-08  8.6003E-08  1.1666E-07  1.9230E-07
Ti50  3.2279E-07  5.5395E-07  7.1709E-07  2.7503E-06  1.1005E-08  6.2355E-08  8.3655E-08  1.1489E-07  2.0944E-07
Ti51  1.1037E-15  3.2203E-17  3.0769E-16  2.1874E-13  0.0000E+00  0.0000E+00  0.0000E+00  0.0000E+00  0.0000E+00
V45   1.9792E-44  1.8247E-51  1.9806E-50  1.0725E-45  0.0000E+00  0.0000E+00  0.0000E+00  0.0000E+00  0.0000E+00
V46   1.9178E-47  7.6131E-57  2.4140E-54  4.8313E-49  0.0000E+00  0.0000E+00  0.0000E+00  0.0000E+00  0.0000E+00
V47   8.8813E-11  5.5510E-10  1.0527E-10  1.5011E-10  0.0000E+00  0.0000E+00  0.0000E+00  0.0000E+00  0.0000E+00
V48   1.5534E-08  1.2501E-06  4.3312E-08  5.1689E-08  0.0000E+00  0.0000E+00  0.0000E+00  0.0000E+00  0.0000E+00
V49   1.6671E-06  6.9048E-06  2.8853E-06  2.2078E-06  0.0000E+00  0.0000E+00  0.0000E+00  0.0000E+00  0.0000E+00
V50   9.2817E-10  1.0710E-08  1.3045E-08  2.1007E-08  2.5422E-11  1.4196E-10  1.8699E-10  2.4453E-10  3.6283E-10
V51   4.4786E-08  1.0317E-07  1.4512E-07  3.8353E-07  1.0347E-08  5.7938E-08  7.6448E-08  1.0039E-07  1.5112E-07
V52   6.5657E-16  9.0107E-18  1.4220E-16  9.2947E-14  0.0000E+00  0.0000E+00  0.0000E+00  0.0000E+00  0.0000E+00
Cr48  7.4798E-05  9.6100E-05  1.0259E-04  1.0391E-04  0.0000E+00  0.0000E+00  0.0000E+00  0.0000E+00  0.0000E+00
Cr49  3.5738E-09  1.1978E-08  6.0325E-09  4.6936E-09  0.0000E+00  0.0000E+00  0.0000E+00  0.0000E+00  0.0000E+00
Cr50  7.9714E-06  1.2455E-04  2.1038E-05  2.6645E-05  2.2660E-08  1.2653E-07  1.6666E-07  2.1794E-07  3.2334E-07
Cr51  2.4619E-06  9.9367E-06  3.9429E-06  2.9230E-06  1.2514E-26  1.8772E-25  8.2890E-24  4.7309E-23  1.7388E-21
Cr52  1.9674E-06  4.8112E-06  3.5624E-06  5.2975E-06  4.5447E-07  2.5429E-06  3.3550E-06  4.4041E-06  6.6110E-06
Cr53  1.4914E-07  1.7577E-07  2.2559E-07  3.6437E-07  5.2525E-08  2.9374E-07  3.8753E-07  5.0857E-07  7.6276E-07
Cr54  1.6448E-07  1.9491E-07  2.5389E-07  5.8855E-07  1.3321E-08  7.6165E-08  1.0284E-07  1.4310E-07  2.6505E-07
Cr55  1.5832E-15  6.9090E-18  6.5691E-17  2.0665E-14  0.0000E+00  0.0000E+00  0.0000E+00  0.0000E+00  0.0000E+00
Mn50  2.7918E-59  1.0685E-59  1.4603E-59  6.2008E-59  0.0000E+00  0.0000E+00  0.0000E+00  0.0000E+00  0.0000E+00
Mn51  6.4001E-09  1.3655E-08  9.4113E-09  6.1447E-09  0.0000E+00  0.0000E+00  0.0000E+00  0.0000E+00  0.0000E+00
Mn52  1.1915E-04  1.9774E-04  1.9327E-04  1.5412E-04  0.0000E+00  0.0000E+00  0.0000E+00  0.0000E+00  0.0000E+00
Mn53  3.0470E-05  5.5172E-05  5.0211E-05  3.7624E-05  0.0000E+00  0.0000E+00  0.0000E+00  0.0000E+00  0.0000E+00
Mn54  2.8461E-09  5.4673E-08  1.2942E-08  3.2077E-08  0.0000E+00  0.0000E+00  0.0000E+00  0.0000E+00  0.0000E+00
Mn55  9.5148E-07  1.1131E-06  1.4124E-06  1.7204E-06  3.5373E-07  1.9879E-06  2.6276E-06  3.4610E-06  5.2046E-06
Mn56  9.7199E-11  5.2835E-11  7.0459E-10  3.8394E-10  0.0000E+00  0.0000E+00  0.0000E+00  0.0000E+00  0.0000E+00
Mn57  5.6380E-20  5.9974E-25  1.5815E-22  1.5285E-18  0.0000E+00  0.0000E+00  0.0000E+00  0.0000E+00  0.0000E+00
Fe52  3.6013E-04  5.8947E-04  5.8462E-04  4.6214E-04  0.0000E+00  0.0000E+00  0.0000E+00  0.0000E+00  0.0000E+00
Fe53  1.4083E-14  8.2087E-19  1.5430E-14  3.0566E-14  0.0000E+00  0.0000E+00  0.0000E+00  0.0000E+00  0.0000E+00
Fe54  4.8758E-04  1.7287E-03  1.2426E-03  9.3080E-04  2.3850E-06  1.3323E-05  1.7553E-05  2.2965E-05  3.4104E-05
Fe55  2.0648E-05  8.0284E-05  3.7738E-05  3.2304E-05  1.4915E-19  1.2501E-15  1.8503E-13  2.5542E-12  5.7213E-11
Fe56  1.0874E-04  1.6938E-04  1.6557E-04  2.0513E-04  3.8826E-05  2.1722E-04  2.8653E-04  3.7594E-04  5.6330E-04
Fe57  4.1046E-06  4.2264E-06  5.4861E-06  5.8851E-06  9.1267E-07  5.1726E-06  6.9076E-06  9.3136E-06  1.5042E-05
Fe58  6.5639E-06  6.3373E-06  7.5871E-06  7.2565E-06  1.2359E-07  7.6566E-07  1.1466E-06  1.9786E-06  5.9674E-06
Fe59  2.4645E-07  4.2157E-07  5.2471E-07  7.5473E-07  0.0000E+00  5.0903E-30  2.1149E-30  2.2149E-27  2.1204E-26
Fe60  9.9520E-08  2.5366E-07  3.3799E-07  3.4137E-07  3.5445E-19  4.6765E-14  3.3483E-13  1.7058E-12  2.3863E-11
Fe61  7.1608E-16  1.0132E-17  7.1848E-17  1.4042E-15  0.0000E+00  0.0000E+00  0.0000E+00  0.0000E+00  0.0000E+00
Co54  8.8946E-60  1.0685E-59  1.4603E-59  2.1716E-59  0.0000E+00  0.0000E+00  0.0000E+00  0.0000E+00  0.0000E+00
Co55  9.1788E-05  1.3999E-04  1.5122E-04  9.4770E-05  0.0000E+00  0.0000E+00  0.0000E+00  0.0000E+00  0.0000E+00
Co56  9.2714E-07  4.0527E-06  1.3415E-06  1.3045E-06  0.0000E+00  0.0000E+00  0.0000E+00  0.0000E+00  0.0000E+00
Co57  1.2701E-04  1.1757E-04  1.1414E-04  1.2121E-04  0.0000E+00  0.0000E+00  0.0000E+00  0.0000E+00  0.0000E+00
Co58  4.8048E-08  2.3126E-07  4.2074E-08  2.3448E-08  0.0000E+00  0.0000E+00  0.0000E+00  0.0000E+00  0.0000E+00
Co59  2.5246E-06  2.3256E-06  2.9810E-06  2.6830E-06  1.3777E-07  7.8098E-07  1.0539E-06  1.4762E-06  2.9581E-06
Co60  2.9024E-07  2.0245E-07  2.3155E-07  4.3809E-07  6.8517E-25  8.5015E-20  6.0447E-19  3.0718E-18  4.2963E-17
Co61  2.8244E-10  7.4530E-11  1.4605E-08  7.7508E-10  0.0000E+00  0.0000E+00  0.0000E+00  0.0000E+00  0.0000E+00
Ni56  7.0000E-02  7.0000E-02  7.0000E-02  7.0000E-02  0.0000E+00  0.0000E+00  0.0000E+00  0.0000E+00  0.0000E+00
Ni57  2.4356E-03  2.0401E-03  2.1983E-03  2.2906E-03  0.0000E+00  0.0000E+00  0.0000E+00  0.0000E+00  0.0000E+00
Ni58  4.1002E-03  4.5025E-03  4.2950E-03  4.1169E-03  1.5658E-06  8.7484E-06  1.1526E-05  1.5080E-05  2.2401E-05
Ni59  1.2085E-04  6.8344E-05  1.0128E-04  1.0516E-04  1.5724E-13  4.8264E-09  9.0288E-09  1.9286E-08  4.9265E-08
Ni60  1.6196E-03  1.4628E-03  1.5821E-03  1.6864E-03  6.2394E-07  3.5006E-06  4.6372E-06  6.1651E-06  9.9694E-06
Ni61  4.1093E-05  3.3354E-05  3.5470E-05  4.0929E-05  2.7574E-08  1.5942E-07  2.1805E-07  3.1633E-07  7.3366E-07
Ni62  1.5229E-05  1.3969E-05  1.6617E-05  1.7913E-05  8.9359E-08  5.0634E-07  6.8028E-07  9.4366E-07  1.9214E-06
Ni63  1.0018E-06  9.3877E-07  1.1021E-06  1.9817E-06  1.9848E-33  3.0613E-26  2.1789E-25  5.9434E-24  4.4771E-23
Ni64  2.1755E-06  3.4446E-06  4.1069E-06  6.5711E-06  2.3492E-08  1.3221E-07  1.7597E-07  2.3896E-07  4.7087E-07
Ni65  6.0244E-11  2.3157E-10  2.8671E-08  1.3027E-09  0.0000E+00  0.0000E+00  0.0000E+00  0.0000E+00  0.0000E+00
Cu57  8.8946E-60  1.0685E-59  1.4603E-59  2.1716E-59  0.0000E+00  0.0000E+00  0.0000E+00  0.0000E+00  0.0000E+00
Cu58  5.3105E-35  2.6361E-45  1.8233E-40  3.4608E-36  0.0000E+00  0.0000E+00  0.0000E+00  0.0000E+00  0.0000E+00
Cu59  8.9695E-20  2.4091E-22  3.2707E-22  1.1835E-20  0.0000E+00  0.0000E+00  0.0000E+00  0.0000E+00  0.0000E+00
Cu60  3.4128E-08  3.1063E-08  3.2952E-08  3.7699E-08  0.0000E+00  0.0000E+00  0.0000E+00  0.0000E+00  0.0000E+00
Cu61  3.1467E-05  2.5368E-05  2.6752E-05  3.1023E-05  0.0000E+00  0.0000E+00  0.0000E+00  0.0000E+00  0.0000E+00
Cu62  4.2084E-07  3.5717E-07  3.5646E-07  3.8519E-07  0.0000E+00  0.0000E+00  0.0000E+00  0.0000E+00  0.0000E+00
Cu63  4.7964E-06  2.2802E-05  5.0829E-06  2.9456E-06  1.6127E-08  9.2660E-08  1.2666E-07  1.8568E-07  4.8721E-07
Cu64  1.2083E-08  2.9514E-08  9.6370E-08  6.9337E-08  0.0000E+00  3.0221E-32  1.4739E-32  1.4377E-29  2.3539E-28
Cu65  7.9907E-07  1.3978E-06  2.5853E-06  3.4721E-06  7.4164E-09  4.2544E-08  5.8000E-08  8.5749E-08  2.6360E-07
Cu66  3.6225E-14  8.4834E-16  3.9296E-15  1.6569E-12  0.0000E+00  0.0000E+00  0.0000E+00  0.0000E+00  0.0000E+00
Zn60  1.9651E-21  7.1718E-25  8.2355E-24  1.6952E-23  0.0000E+00  0.0000E+00  0.0000E+00  0.0000E+00  0.0000E+00
Zn61  2.1642E-22  4.5734E-30  7.1524E-25  2.7562E-24  0.0000E+00  0.0000E+00  0.0000E+00  0.0000E+00  0.0000E+00
Zn62  5.9516E-04  5.3985E-04  5.6750E-04  5.6528E-04  0.0000E+00  0.0000E+00  0.0000E+00  0.0000E+00  0.0000E+00
Zn63  6.0856E-09  3.0960E-08  4.7796E-09  2.8722E-09  0.0000E+00  0.0000E+00  0.0000E+00  0.0000E+00  0.0000E+00
Zn64  1.8994E-05  3.9579E-05  1.8236E-05  1.5104E-05  2.7002E-08  1.5176E-07  2.0174E-07  2.7241E-07  5.0515E-07
Zn65  6.5786E-07  6.9676E-07  7.7340E-07  8.3644E-07  4.3334E-31  2.4404E-27  9.0689E-27  4.0446E-25  1.6861E-23
Zn66  3.4075E-06  3.7571E-06  7.0912E-06  7.9770E-06  1.5975E-08  8.9658E-08  1.1889E-07  1.5964E-07  3.0150E-07
Zn67  1.9093E-07  2.9456E-07  5.2554E-07  1.1024E-06  2.3832E-09  1.3402E-08  1.7802E-08  2.4075E-08  4.8440E-08
Zn68  9.7089E-07  1.7118E-06  3.3244E-06  7.9682E-06  1.1062E-08  6.2114E-08  8.2335E-08  1.1025E-07  2.0527E-07
Zn69  7.1460E-12  3.2150E-11  1.1120E-09  1.7441E-09  0.0000E+00  0.0000E+00  0.0000E+00  0.0000E+00  0.0000E+00
Zn70  1.1711E-09  2.1253E-09  6.7023E-07  3.7431E-08  3.7652E-10  2.1047E-09  2.7742E-09  3.6329E-09  5.4074E-09
Zn71  5.6238E-18  7.8241E-23  5.9207E-22  2.1311E-15  0.0000E+00  0.0000E+00  0.0000E+00  0.0000E+00  0.0000E+00
Ga62  8.8946E-60  1.0685E-59  1.4603E-59  2.1716E-59  0.0000E+00  0.0000E+00  0.0000E+00  0.0000E+00  0.0000E+00
Ga63  1.3027E-28  4.7928E-36  2.6819E-34  1.8667E-28  0.0000E+00  0.0000E+00  0.0000E+00  0.0000E+00  0.0000E+00
Ga64  4.4325E-23  5.1079E-31  2.5852E-25  6.6161E-25  0.0000E+00  0.0000E+00  0.0000E+00  0.0000E+00  0.0000E+00
Ga65  1.1441E-13  1.2286E-13  9.3828E-14  1.3033E-13  0.0000E+00  0.0000E+00  0.0000E+00  0.0000E+00  0.0000E+00
Ga66  6.1391E-06  5.8814E-06  5.3682E-06  5.5504E-06  0.0000E+00  0.0000E+00  0.0000E+00  0.0000E+00  0.0000E+00
Ga67  2.4608E-08  3.3679E-08  6.5670E-08  5.8199E-08  0.0000E+00  0.0000E+00  0.0000E+00  0.0000E+00  0.0000E+00
Ga68  4.8983E-11  2.4946E-11  3.3673E-10  3.8747E-10  0.0000E+00  0.0000E+00  0.0000E+00  0.0000E+00  0.0000E+00
Ga69  1.4351E-07  2.6003E-07  7.5465E-07  1.4687E-06  1.0866E-09  6.1185E-09  8.1273E-09  1.0961E-08  2.1575E-08
Ga70  5.6911E-13  2.5155E-13  5.9501E-12  1.1542E-10  0.0000E+00  0.0000E+00  0.0000E+00  0.0000E+00  0.0000E+00
Ga71  1.0900E-07  1.8068E-07  4.8230E-07  8.8975E-07  7.4210E-10  4.1808E-09  5.5613E-09  7.5147E-09  1.4750E-08
Ga72  9.5513E-11  1.3824E-09  8.8373E-08  1.8324E-08  0.0000E+00  0.0000E+00  0.0000E+00  0.0000E+00  0.0000E+00
Ge64  1.8045E-29  1.3726E-40  3.9630E-33  4.6802E-32  0.0000E+00  0.0000E+00  0.0000E+00  0.0000E+00  0.0000E+00
Ge65  1.8568E-37  6.4563E-45  9.3796E-38  1.8825E-34  0.0000E+00  0.0000E+00  0.0000E+00  0.0000E+00  0.0000E+00
Ge66  1.2030E-06  1.1527E-06  1.0514E-06  1.0906E-06  0.0000E+00  0.0000E+00  0.0000E+00  0.0000E+00  0.0000E+00
Ge67  1.3499E-14  5.8665E-15  1.0267E-14  1.1132E-14  0.0000E+00  0.0000E+00  0.0000E+00  0.0000E+00  0.0000E+00
Ge68  4.3268E-08  3.5679E-08  7.3541E-08  7.4056E-08  0.0000E+00  0.0000E+00  0.0000E+00  0.0000E+00  0.0000E+00
Ge69  1.1356E-09  1.6146E-09  8.8447E-09  6.5415E-09  0.0000E+00  0.0000E+00  0.0000E+00  0.0000E+00  0.0000E+00
Ge70  2.4683E-07  4.4071E-07  1.6448E-06  2.9005E-06  1.5570E-09  8.7590E-09  1.1629E-08  1.5630E-08  2.9716E-08
Ge71  1.2087E-08  3.9949E-08  1.0003E-07  3.3634E-07  0.0000E+00  2.8838E-32  1.0085E-32  4.5845E-30  1.0510E-28
Ge72  2.1932E-07  4.1985E-07  9.6985E-07  2.8950E-06  2.1164E-09  1.1865E-08  1.5704E-08  2.0861E-08  3.5543E-08
Ge73  6.1855E-08  1.2189E-07  1.9019E-07  7.8910E-07  6.0229E-10  3.3755E-09  4.4662E-09  5.9263E-09  9.9823E-09
Ge74  3.3084E-07  6.6576E-07  1.0952E-06  4.3964E-06  2.8655E-09  1.6067E-08  2.1256E-08  2.8187E-08  4.6689E-08
Ge75  3.5028E-12  1.6325E-11  8.9190E-10  4.7302E-09  0.0000E+00  0.0000E+00  0.0000E+00  0.0000E+00  0.0000E+00
Ge76  1.6234E-09  2.3257E-09  2.6644E-07  5.9178E-08  6.1732E-10  3.4506E-09  4.5480E-09  5.9553E-09  8.8636E-09
Ge77  1.6089E-13  1.7575E-12  3.9739E-08  2.0377E-10  0.0000E+00  0.0000E+00  0.0000E+00  0.0000E+00  0.0000E+00
As71  3.2792E-11  1.1113E-10  4.4906E-10  4.9196E-10  0.0000E+00  0.0000E+00  0.0000E+00  0.0000E+00  0.0000E+00
As72  5.4584E-11  1.4604E-10  1.1543E-09  1.1661E-09  0.0000E+00  0.0000E+00  0.0000E+00  0.0000E+00  0.0000E+00
As73  9.7179E-10  2.7919E-09  3.6833E-08  7.1093E-08  0.0000E+00  0.0000E+00  0.0000E+00  0.0000E+00  0.0000E+00
As74  1.3888E-10  1.8154E-10  7.0234E-09  1.6516E-08  0.0000E+00  0.0000E+00  0.0000E+00  0.0000E+00  0.0000E+00
As75  3.4464E-08  7.2425E-08  2.7723E-07  9.0337E-07  3.5756E-10  2.0028E-09  2.6470E-09  3.4989E-09  5.6540E-09
As76  1.9406E-10  1.0792E-09  9.3187E-09  9.0896E-08  0.0000E+00  0.0000E+00  0.0000E+00  0.0000E+00  0.0000E+00
As77  2.3658E-10  2.3335E-09  5.5117E-08  2.0007E-07  0.0000E+00  0.0000E+00  0.0000E+00  0.0000E+00  0.0000E+00
Se74  4.6896E-09  1.4199E-08  2.0510E-07  4.1638E-07  3.4429E-11  1.9207E-10  2.5297E-10  3.3071E-10  4.9031E-10
Se75  6.5879E-10  1.5689E-09  3.2770E-08  6.0830E-08  0.0000E+00  1.8620E-32  6.2640E-33  6.0963E-31  1.2675E-30
Se76  7.6030E-08  1.4884E-07  5.5422E-07  1.6256E-06  3.7226E-10  2.0944E-09  2.7780E-09  3.7131E-09  6.4554E-09
Se77  2.8636E-08  5.8648E-08  8.7775E-08  3.8274E-07  3.0713E-10  1.7205E-09  2.2738E-09  3.0044E-09  4.8158E-09
Se78  1.7022E-07  3.5922E-07  5.4627E-07  2.7761E-06  9.6923E-10  5.4458E-09  7.2176E-09  9.6110E-09  1.6078E-08
Se79  3.3347E-08  6.6485E-08  7.3197E-08  5.4012E-07  1.5174E-21  1.5890E-16  9.5803E-16  4.8170E-15  1.5655E-13
Se80  1.5732E-07  3.2199E-07  3.6355E-07  2.0404E-06  2.0747E-09  1.1589E-08  1.5267E-08  1.9971E-08  2.9673E-08
Se81  3.6438E-15  6.6447E-16  7.2445E-14  1.5147E-10  0.0000E+00  0.0000E+00  0.0000E+00  0.0000E+00  0.0000E+00
Se82  1.0048E-09  1.1390E-09  8.8849E-08  4.5366E-08  3.7421E-10  2.0933E-09  2.7607E-09  3.6210E-09  5.4164E-09
Se83  2.0888E-17  1.9975E-17  3.0613E-13  6.3235E-14  0.0000E+00  0.0000E+00  0.0000E+00  0.0000E+00  0.0000E+00
Br75  2.2777E-14  6.2790E-14  3.2019E-13  3.8033E-13  0.0000E+00  0.0000E+00  0.0000E+00  0.0000E+00  0.0000E+00
Br76  5.9822E-12  2.5128E-11  1.7135E-10  2.1611E-10  0.0000E+00  0.0000E+00  0.0000E+00  0.0000E+00  0.0000E+00
Br77  7.1342E-11  2.3741E-10  3.3389E-09  5.6546E-09  0.0000E+00  0.0000E+00  0.0000E+00  0.0000E+00  0.0000E+00
Br78  1.6856E-16  1.6016E-19  1.2545E-15  8.6581E-15  0.0000E+00  0.0000E+00  0.0000E+00  0.0000E+00  0.0000E+00
Br79  2.9993E-09  6.9459E-09  5.7834E-08  2.0246E-07  3.3180E-10  1.8543E-09  2.4465E-09  3.2147E-09  4.9356E-09
Br80  3.5327E-14  1.8093E-14  1.3041E-12  1.1498E-11  0.0000E+00  0.0000E+00  0.0000E+00  0.0000E+00  0.0000E+00
Br81  2.6310E-08  5.6567E-08  1.1004E-07  5.5630E-07  3.3092E-10  1.8507E-09  2.4386E-09  3.1942E-09  4.7777E-09
Br82  2.2881E-11  1.6047E-10  2.8088E-09  3.2608E-08  0.0000E+00  0.0000E+00  0.0000E+00  0.0000E+00  0.0000E+00
Br83  7.3866E-12  1.2725E-11  5.5578E-09  1.9865E-08  0.0000E+00  0.0000E+00  0.0000E+00  0.0000E+00  0.0000E+00
Kr78  2.9281E-10  1.6149E-09  1.6259E-08  4.9897E-08  1.1998E-11  6.6933E-11  8.8158E-11  1.1524E-10  1.7087E-10
Kr79  3.8651E-11  1.6266E-10  1.7642E-09  3.7951E-09  0.0000E+00  0.0000E+00  0.0000E+00  0.0000E+00  0.0000E+00
Kr80  4.5349E-09  1.7150E-08  1.5173E-07  5.3937E-07  7.9068E-11  4.4922E-10  6.0104E-10  8.2200E-10  1.5838E-09
Kr81  1.5493E-09  8.1629E-09  1.9395E-08  6.0083E-08  3.7726E-17  2.5238E-12  7.2197E-12  2.3238E-11  1.7408E-10
Kr82  8.0826E-08  2.0501E-07  2.5989E-07  1.3591E-06  4.0611E-10  2.2954E-09  3.0539E-09  4.1045E-09  7.0618E-09
Kr83  2.8183E-08  7.0509E-08  1.0840E-07  6.2409E-07  4.0722E-10  2.2806E-09  3.0143E-09  3.9777E-09  6.2069E-09
Kr84  1.4222E-07  3.1441E-07  4.6529E-07  3.7234E-06  2.0311E-09  1.1375E-08  1.5031E-08  1.9825E-08  3.0736E-08
Kr85  4.1873E-08  6.4689E-08  9.7804E-08  7.9842E-07  0.0000E+00  1.1678E-29  4.7603E-30  8.0658E-28  6.1291E-27
Kr86  8.1363E-08  2.7188E-07  2.2341E-07  1.4729E-06  6.2884E-10  3.5195E-09  4.6444E-09  6.1017E-09  9.1961E-09
Kr87  1.1568E-15  7.1381E-15  1.5302E-11  3.5191E-12  0.0000E+00  0.0000E+00  0.0000E+00  0.0000E+00  0.0000E+00
Rb79  1.9419E-18  1.0505E-19  2.5720E-17  7.2991E-17  0.0000E+00  0.0000E+00  0.0000E+00  0.0000E+00  0.0000E+00
Rb80  1.3252E-26  2.2320E-33  4.2298E-24  5.8694E-21  0.0000E+00  0.0000E+00  0.0000E+00  0.0000E+00  0.0000E+00
Rb81  4.0773E-13  3.3779E-12  1.6564E-11  2.5787E-11  0.0000E+00  0.0000E+00  0.0000E+00  0.0000E+00  0.0000E+00
Rb82  6.9164E-13  3.9353E-12  3.0129E-11  5.2747E-11  0.0000E+00  0.0000E+00  0.0000E+00  0.0000E+00  0.0000E+00
Rb83  4.0790E-11  2.9552E-10  3.0114E-09  8.6291E-09  0.0000E+00  0.0000E+00  0.0000E+00  0.0000E+00  0.0000E+00
Rb84  7.9911E-12  3.2036E-11  5.8507E-10  1.5916E-09  0.0000E+00  0.0000E+00  0.0000E+00  0.0000E+00  0.0000E+00
Rb85  1.2533E-08  3.2746E-08  9.4467E-08  6.2866E-07  4.7647E-10  2.6664E-09  3.5205E-09  4.6338E-09  7.1061E-09
Rb86  2.1232E-09  8.2940E-09  2.5871E-08  2.0288E-07  0.0000E+00  4.5660E-32  1.5556E-32  2.8671E-30  2.1799E-29
Rb87  1.9755E-08  6.1953E-08  1.2814E-07  9.7727E-07  2.0068E-10  1.1229E-09  1.4815E-09  1.9450E-09  2.9228E-09
Rb88  1.0969E-16  6.1565E-17  2.0542E-14  1.9893E-12  0.0000E+00  0.0000E+00  0.0000E+00  0.0000E+00  0.0000E+00
Sr84  2.5466E-10  2.8267E-09  2.4191E-08  2.0380E-07  8.3027E-12  4.6316E-11  6.1004E-11  7.9749E-11  1.1824E-10
Sr85  2.3547E-11  2.6548E-10  2.0078E-09  1.2694E-08  0.0000E+00  2.5294E-33  8.5370E-34  8.2979E-32  1.7279E-31
Sr86  4.0442E-08  1.0711E-07  1.6270E-07  1.3982E-06  1.5032E-10  8.6283E-10  1.1644E-09  1.6222E-09  3.1313E-09
Sr87  2.9939E-08  6.6491E-08  9.0129E-08  9.3666E-07  1.0630E-10  6.0558E-10  8.1467E-10  1.1253E-09  2.1040E-09
Sr88  2.7791E-07  5.6896E-07  7.1188E-07  1.2049E-05  1.2888E-09  7.2383E-09  9.6007E-09  1.2812E-08  2.1224E-08
Sr89  4.2245E-09  1.2714E-08  3.5654E-08  4.5799E-07  0.0000E+00  5.6589E-33  1.9536E-33  6.6057E-31  7.3060E-30
Sr90  1.4448E-09  3.3672E-09  1.8574E-08  1.4909E-07  0.0000E+00  0.0000E+00  2.0168E-45  0.0000E+00  7.7869E-27
Sr91  1.0388E-14  7.7847E-14  3.2496E-10  5.3311E-11  0.0000E+00  0.0000E+00  0.0000E+00  0.0000E+00  0.0000E+00
Y85   1.1871E-15  2.0645E-13  5.0009E-14  2.3150E-13  0.0000E+00  0.0000E+00  0.0000E+00  0.0000E+00  0.0000E+00
Y86   5.2441E-14  2.8578E-12  1.7914E-12  4.3580E-12  0.0000E+00  0.0000E+00  0.0000E+00  0.0000E+00  0.0000E+00
Y87   3.1639E-12  6.0673E-11  1.9326E-10  8.7126E-10  0.0000E+00  0.0000E+00  0.0000E+00  0.0000E+00  0.0000E+00
Y88   7.5695E-12  6.7623E-11  4.6174E-10  2.4626E-09  0.0000E+00  0.0000E+00  0.0000E+00  0.0000E+00  0.0000E+00
Y89   6.0261E-08  1.3068E-07  1.2569E-07  2.5447E-06  3.4491E-10  1.9336E-09  2.5583E-09  3.3904E-09  5.4470E-09
Y90   1.1829E-11  2.6782E-11  6.3041E-10  3.8949E-08  0.0000E+00  0.0000E+00  0.0000E+00  0.0000E+00  0.0000E+00
Y91   1.9656E-11  4.2499E-11  5.9647E-09  8.8790E-08  0.0000E+00  0.0000E+00  0.0000E+00  0.0000E+00  0.0000E+00
Zr90  4.6058E-08  1.2272E-07  8.5843E-08  2.3402E-06  4.2065E-10  2.3555E-09  3.1108E-09  4.0985E-09  6.3409E-09
Zr91  1.0951E-08  2.8127E-08  1.4632E-08  4.6833E-07  9.2756E-11  5.1957E-10  6.8642E-10  9.0496E-10  1.4014E-09
Zr92  1.6983E-08  4.6539E-08  2.0249E-08  8.1095E-07  1.4334E-10  8.0328E-10  1.0617E-09  1.4011E-09  2.1711E-09
Zr93  4.6467E-09  1.3378E-08  5.2142E-09  2.1221E-07  1.7639E-17  8.7740E-13  2.2309E-12  6.5537E-12  3.4970E-11
Zr94  1.3169E-08  4.0479E-08  1.1710E-08  5.4240E-07  1.4842E-10  8.3099E-10  1.0977E-09  1.4465E-09  2.2230E-09
Zr95  8.0316E-10  2.2594E-09  1.8999E-09  7.5060E-08  0.0000E+00  5.1763E-33  1.7466E-33  3.4267E-31  2.3746E-30
Zr96  1.0508E-09  1.4107E-09  3.5274E-09  1.3369E-07  0.0000E+00  0.0000E+00  2.1295E-45  0.0000E+00  6.8652E-31
Zr97  6.9291E-16  5.7345E-15  8.6767E-12  3.7317E-12  0.0000E+00  0.0000E+00  0.0000E+00  0.0000E+00  0.0000E+00
Nb91  4.6614E-12  1.0309E-10  1.5034E-10  5.8848E-09  0.0000E+00  0.0000E+00  0.0000E+00  0.0000E+00  0.0000E+00
Nb92  4.3293E-13  3.1460E-12  1.7302E-11  8.0916E-10  0.0000E+00  0.0000E+00  0.0000E+00  0.0000E+00  0.0000E+00
Nb93  1.6027E-10  1.8364E-10  3.1583E-10  5.3800E-09  6.4091E-11  3.5763E-10  4.7106E-10  6.1600E-10  9.1441E-10
Nb94  7.2135E-14  1.0365E-13  2.8614E-12  1.6227E-10  2.3512E-27  7.5429E-23  1.6432E-22  2.4214E-22  2.6824E-22
Nb95  2.6886E-10  4.7220E-10  6.9062E-11  5.6124E-09  0.0000E+00  2.8415E-33  9.5470E-34  1.8732E-31  1.2967E-30
Nb96  1.3831E-13  1.0447E-13  8.3110E-13  2.9102E-10  0.0000E+00  0.0000E+00  0.0000E+00  0.0000E+00  0.0000E+00
Nb97  2.6111E-15  8.6398E-16  8.3135E-13  2.3900E-11  0.0000E+00  0.0000E+00  0.0000E+00  0.0000E+00  0.0000E+00
Mo92  9.9463E-11  1.7218E-10  5.9033E-10  3.0546E-08  2.4222E-11  1.3521E-10  1.7809E-10  2.3284E-10  3.4535E-10
Mo93  1.6331E-12  2.3087E-12  2.3577E-11  1.4280E-09  5.4086E-26  1.8825E-21  3.5769E-20  1.0803E-19  4.3508E-19
Mo94  6.1886E-11  6.7527E-11  3.8790E-10  2.0931E-08  1.5592E-11  8.7381E-11  1.1506E-10  1.5055E-10  2.2386E-10
Mo95  6.1409E-10  1.8522E-09  3.2641E-10  1.1506E-08  2.7273E-11  1.5256E-10  2.0121E-10  2.6410E-10  3.9865E-10
Mo96  2.1324E-09  7.7350E-09  1.2885E-09  6.0438E-08  5.3430E-11  2.9916E-10  3.9475E-10  5.1873E-10  7.8618E-10
Mo97  7.3434E-10  2.7795E-09  4.2755E-10  1.9677E-08  1.6877E-11  9.4530E-11  1.2476E-10  1.6402E-10  2.4895E-10
Mo98  2.3818E-09  9.4846E-09  1.3985E-09  7.0960E-08  4.3328E-11  2.4300E-10  3.2110E-10  4.2316E-10  6.4717E-10
Xe132  4.5211E-09  1.6404E-08  2.9654E-09  1.6920E-07  1.4533E-10  8.1336E-10  1.0735E-09  1.4106E-09  2.1298E-09
Xe133  5.1618E-11  3.3823E-10  3.4360E-10  1.3175E-08  0.0000E+00  8.7477E-34  3.0724E-34  4.9211E-32  2.3363E-31
Xe134  4.1803E-10  7.1512E-10  9.1534E-10  3.9226E-08  5.4475E-11  3.0452E-10  4.0140E-10  5.2570E-10  7.8274E-10
Xe135  4.2740E-14  1.4042E-13  9.1957E-11  2.2253E-10  0.0000E+00  0.0000E+00  0.0000E+00  0.0000E+00  0.0000E+00
Cs133  6.3583E-10  1.9880E-09  3.4794E-10  1.6624E-08  3.8210E-11  2.1347E-10  2.8147E-10  3.6891E-10  5.5190E-10
Cs134  1.5701E-10  5.0127E-10  4.0129E-11  3.4415E-09  0.0000E+00  2.8242E-31  9.4666E-32  1.2327E-29  4.5185E-29
Cs135  7.0484E-10  1.1074E-09  2.5003E-10  2.0545E-08  1.0467E-18  4.4381E-14  7.5347E-14  1.7936E-13  5.6235E-13
Cs136  6.6592E-11  1.2248E-10  8.2601E-11  6.5283E-09  0.0000E+00  1.3614E-35  3.5181E-36  1.9644E-33  9.2362E-33
Cs137  3.4847E-10  2.0404E-10  2.1967E-10  3.0003E-08  0.0000E+00  0.0000E+00  0.0000E+00  0.0000E+00  1.6077E-30
Cs138  8.9744E-21  1.5054E-19  8.8903E-18  4.0335E-17  0.0000E+00  0.0000E+00  0.0000E+00  0.0000E+00  0.0000E+00
Ba134  8.6536E-10  4.2950E-09  5.4474E-10  3.2259E-08  1.1713E-11  6.6426E-11  8.8388E-11  1.1849E-10  1.9080E-10
Ba135  3.7037E-10  1.7540E-09  2.7711E-10  1.0045E-08  3.2185E-11  1.7992E-10  2.3733E-10  3.1135E-10  4.6716E-10
Ba136  3.2824E-09  1.2691E-08  1.7103E-09  1.1100E-07  3.8632E-11  2.1794E-10  2.8968E-10  3.8708E-10  6.1544E-10
Ba137  2.3836E-09  9.4372E-09  1.2617E-09  7.3139E-08  5.5653E-11  3.1211E-10  4.1306E-10  5.4639E-10  8.4342E-10
Ba138  1.0419E-08  4.6978E-08  6.9220E-09  4.1344E-07  3.5786E-10  2.0055E-09  2.6516E-09  3.5027E-09  5.4331E-09
Ba139  3.6986E-16  4.6423E-15  2.6191E-14  2.2180E-13  0.0000E+00  0.0000E+00  0.0000E+00  0.0000E+00  0.0000E+00
La138  1.2808E-13  1.5621E-13  2.4926E-13  4.5111E-12  3.7778E-14  2.1147E-13  2.7917E-13  3.6705E-13  5.5514E-13
La139  9.1123E-10  4.3117E-09  6.2916E-10  3.4709E-08  4.1776E-11  2.3401E-10  3.0918E-10  4.0770E-10  6.2856E-10
La140  3.7894E-15  7.4194E-14  5.5942E-13  1.3269E-12  0.0000E+00  0.0000E+00  0.0000E+00  0.0000E+00  0.0000E+00
Ce140  1.3011E-09  6.2372E-09  1.1359E-09  4.0996E-08  1.1249E-10  6.2991E-10  8.3177E-10  1.0948E-09  1.6700E-09
Ce141  1.7297E-11  1.1653E-10  3.9196E-11  5.1480E-09  0.0000E+00  6.0981E-34  2.0545E-34  3.7342E-32  2.2106E-31
Pr141  1.2663E-10  4.7439E-10  1.2315E-10  2.2697E-09  1.7682E-11  9.8858E-11  1.3040E-10  1.7112E-10  2.5781E-10
Pr142  6.3980E-15  1.6185E-13  1.8239E-12  9.7835E-13  0.0000E+00  0.0000E+00  0.0000E+00  0.0000E+00  0.0000E+00
Nd142  2.6992E-10  1.2927E-09  3.2872E-10  6.1504E-09  2.4136E-11  1.3532E-10  1.7885E-10  2.3592E-10  3.6223E-10
Nd143  5.0447E-11  1.8734E-10  5.5961E-11  6.3118E-10  1.0806E-11  6.0369E-11  7.9596E-11  1.0434E-10  1.5636E-10
Nd144  1.2171E-10  5.0646E-10  1.3115E-10  1.8749E-09  2.1476E-11  1.2015E-10  1.5851E-10  2.0814E-10  3.1388E-10
Hg202  1.5825E-10  7.3484E-10  1.7643E-10  3.0501E-09  2.1318E-11  1.1953E-10  1.5794E-10  2.0818E-10  3.1801E-10
Hg203  2.7652E-13  5.0941E-12  1.0558E-11  1.4735E-10  0.0000E+00  1.1885E-33  4.0473E-34  7.7705E-32  4.0315E-31
Hg204  1.3573E-11  1.7816E-11  4.4975E-11  1.7725E-10  4.9533E-12  2.7669E-11  3.6450E-11  4.7681E-11  7.0794E-11
Hg205  4.4038E-20  1.0497E-21  3.7207E-20  7.5049E-18  0.0000E+00  0.0000E+00  0.0000E+00  0.0000E+00  0.0000E+00
Tl203  7.2969E-11  2.9897E-10  7.7867E-11  1.3863E-09  1.1376E-11  6.3709E-11  8.4147E-11  1.1076E-10  1.6833E-10
Tl204  1.1145E-11  5.4044E-11  4.8930E-12  2.6137E-10  0.0000E+00  4.8361E-32  1.6519E-32  2.9071E-30  1.4446E-29
Tl205  1.1131E-10  3.1898E-10  1.5577E-10  1.2037E-09  2.7422E-11  1.5353E-10  2.0276E-10  2.6691E-10  4.0576E-10
Tl206  8.5877E-19  6.8824E-21  7.4547E-20  1.1865E-16  0.0000E+00  0.0000E+00  0.0000E+00  0.0000E+00  0.0000E+00
Pb204  5.5237E-11  2.9952E-10  8.3512E-11  1.2509E-09  5.4741E-12  3.0899E-11  4.1087E-11  5.4967E-11  8.8140E-11
Pb205  2.1341E-11  1.2634E-10  1.6321E-11  6.2935E-10  3.1267E-25  4.9235E-21  7.3776E-21  1.2434E-20  2.4893E-20
Pb206  3.4070E-10  1.2214E-09  4.5766E-10  4.6653E-09  5.1434E-11  2.8832E-10  3.8120E-10  5.0340E-10  7.7745E-10
Pb207  2.9526E-10  7.8164E-10  4.3741E-10  2.7038E-09  5.7195E-11  3.2033E-10  4.2311E-10  5.5740E-10  8.5311E-10
Pb208  6.7722E-10  1.0621E-09  1.1011E-09  3.1748E-09  1.6450E-10  9.2120E-10  1.2166E-09  1.6015E-09  2.4390E-09
Pb209  7.1631E-18  3.7085E-17  1.3655E-16  1.6196E-16  0.0000E+00  0.0000E+00  0.0000E+00  0.0000E+00  0.0000E+00
Bi208  3.8427E-12  6.4755E-12  1.2066E-11  2.5498E-11  0.0000E+00  0.0000E+00  0.0000E+00  0.0000E+00  0.0000E+00
Bi209  6.8691E-11  8.1846E-11  1.0543E-10  1.7662E-10  2.2308E-11  1.2486E-10  1.6480E-10  2.1658E-10  3.2690E-10
