#v=0 km/s  [Fe/H]=-1
Isotope 13MSun 15MSun 20MSun 25MSun 30MSun 40MSun 60MSun 80MSun 120MSun
H     6.2061E+00  6.9368E+00  8.6646E+00  1.0145E+01  1.2871E+00  7.9963E+00  1.1859E+01  2.3102E+01  3.1623E+01
H2    9.6546E-07  1.9390E-06  5.9478E-06  7.4353E-06  8.9222E-06  1.1897E-05  1.7846E-05  2.3796E-05  3.5696E-05
H3    1.0980E-28  1.1979E-28  1.2449E-17  1.0949E-15  6.7210E-15  1.4722E-13  8.2556E-13  2.8423E-12  1.1553E-11
He3   3.3497E-04  3.5900E-04  4.1856E-04  4.8164E-04  1.1589E-04  6.1730E-04  7.7537E-04  1.1350E-03  1.5387E-03
He4   4.5646E+00  4.7414E+00  6.9005E+00  7.7451E+00  4.3093E-01  3.2393E+00  6.0919E+00  1.6917E+01  3.7128E+01
Li6   4.3758E-12  8.7889E-12  2.6993E-11  3.3774E-11  4.0566E-11  5.4203E-11  8.1589E-11  1.0899E-10  1.6400E-10
Li7   6.2159E-11  1.2484E-10  3.8659E-10  4.8428E-10  5.8174E-10  7.7666E-10  1.4104E-09  1.5844E-09  2.3394E-09
Be7   1.1410E-16  6.5610E-15  4.0647E-13  1.7757E-12  3.2612E-18  2.3464E-17  3.1436E-15  5.7517E-11  6.6375E-11
Be9   1.6228E-12  1.7950E-12  4.0036E-12  6.1795E-12  7.1787E-12  9.1030E-12  1.1315E-11  1.4445E-11  2.1323E-11
Be10  1.0929E-59  1.2381E-59  1.6551E-59  1.7858E-59  0.0000E+00  0.0000E+00  0.0000E+00  0.0000E+00  0.0000E+00
B10   2.0783E-11  2.2653E-11  2.7115E-11  4.7199E-11  5.5648E-11  6.9248E-11  8.5204E-11  1.0549E-10  1.4985E-10
B11   6.8721E-10  7.6767E-10  9.5410E-10  1.1274E-09  5.6591E-10  1.7227E-09  2.3031E-09  2.9068E-09  4.1591E-09
C12   1.3429E-01  2.5921E-01  4.0517E-01  6.8641E-01  7.5464E-04  4.1068E-03  5.2853E-03  8.4812E-03  2.4333E-01
C13   1.2623E-04  1.4213E-04  1.8426E-04  2.2003E-04  9.1448E-06  1.1373E-04  1.9220E-04  4.0973E-04  5.4003E-04
C14   2.0911E-07  2.7700E-06  8.7757E-07  2.6306E-06  0.0000E+00  8.7359E-33  7.1300E-24  1.2179E-24  4.5212E-11
N13   3.2311E-13  6.3036E-13  6.9899E-13  1.0860E-12  0.0000E+00  5.2412E-40  3.6144E-29  2.5862E-16  1.0492E-14
N14   7.6912E-03  8.0847E-03  1.0893E-02  1.2597E-02  1.1982E-04  4.3350E-03  1.3228E-02  4.9797E-02  1.0567E-01
N15   8.6220E-07  8.7343E-07  1.7626E-06  3.4075E-06  2.9466E-07  1.3084E-06  1.8575E-06  3.1352E-06  5.1160E-06
N16   3.1101E-28  1.7798E-27  6.3251E-30  7.4866E-29  0.0000E+00  0.0000E+00  0.0000E+00  0.0000E+00  0.0000E+00
O15   6.4287E-16  8.4508E-17  1.5120E-15  1.9929E-16  2.8397E-34  2.6331E-33  6.5438E-33  4.1720E-17  1.8805E-15
O16   2.7875E-01  8.5779E-01  1.3348E+00  2.7024E+00  3.5195E-03  2.0003E-02  2.6460E-02  4.0238E-02  1.7457E-01
O17   1.8574E-05  2.6452E-05  1.8852E-05  2.3840E-05  1.4206E-06  8.4487E-06  1.2037E-05  1.7659E-05  2.2878E-05
O18   1.2714E-03  1.1502E-03  1.1235E-03  1.7531E-04  7.9377E-06  4.3549E-05  5.4865E-05  8.6635E-05  1.0783E-04
O19   6.5827E-22  8.3244E-21  2.7036E-22  5.7175E-22  0.0000E+00  0.0000E+00  0.0000E+00  0.0000E+00  0.0000E+00
F17   7.8839E-26  2.2795E-25  9.3491E-24  2.5036E-21  0.0000E+00  0.0000E+00  0.0000E+00  1.0124E-20  4.6428E-19
F18   2.4928E-08  9.2788E-08  1.4444E-08  1.1350E-07  0.0000E+00  0.0000E+00  0.0000E+00  2.1265E-21  1.1266E-19
F19   3.8944E-07  4.2942E-07  6.4198E-07  2.5474E-06  8.7528E-08  4.9486E-07  6.2805E-07  9.6732E-07  1.2225E-06
F20   8.6623E-21  4.2247E-23  2.2587E-21  2.1584E-23  0.0000E+00  0.0000E+00  0.0000E+00  0.0000E+00  0.0000E+00
Ne20  5.0232E-02  9.3080E-02  4.6879E-01  4.6300E-01  2.0074E-04  1.2959E-03  2.0304E-03  4.3775E-03  7.4463E-03
Ne21  4.0288E-05  1.0861E-04  2.0771E-04  4.5601E-04  5.0528E-07  3.3714E-06  4.4471E-06  8.3781E-06  2.0669E-05
Ne22  2.9831E-03  4.3404E-03  9.1788E-03  1.2567E-02  1.6237E-05  9.2084E-05  1.2308E-04  1.9044E-04  2.1621E-03
Ne23  9.4733E-16  2.1458E-15  1.8069E-16  5.1346E-15  0.0000E+00  0.0000E+00  0.0000E+00  0.0000E+00  0.0000E+00
Na21  1.4788E-15  1.0390E-15  1.4154E-15  6.9519E-15  0.0000E+00  0.0000E+00  0.0000E+00  0.0000E+00  0.0000E+00
Na22  1.7606E-07  3.3764E-07  2.2870E-06  5.6609E-06  0.0000E+00  0.0000E+00  0.0000E+00  6.6662E-20  5.2368E-18
Na23  4.5054E-04  1.0227E-03  3.7503E-03  5.6433E-03  5.0713E-06  6.7180E-05  1.7904E-04  6.5775E-04  1.4294E-03
Na24  7.2821E-08  7.1472E-07  5.2288E-07  3.5092E-06  0.0000E+00  0.0000E+00  0.0000E+00  0.0000E+00  0.0000E+00
Mg23  6.5248E-14  9.4016E-16  8.1990E-14  3.3553E-15  0.0000E+00  0.0000E+00  0.0000E+00  0.0000E+00  0.0000E+00
Mg24  2.0850E-02  3.0501E-02  1.1039E-01  8.2389E-02  1.7029E-04  1.1137E-03  1.7803E-03  3.9724E-03  6.8710E-03
Mg25  6.4561E-04  1.0927E-03  4.2196E-03  4.6964E-03  2.2457E-05  1.2804E-04  1.7082E-04  2.6047E-04  4.3143E-04
Mg26  7.5264E-04  1.0472E-03  5.0114E-03  5.2251E-03  2.5713E-05  1.7557E-04  2.7526E-04  5.8521E-04  8.0390E-04
Mg27  4.0738E-12  1.8107E-13  7.1668E-12  2.3844E-13  0.0000E+00  0.0000E+00  0.0000E+00  0.0000E+00  0.0000E+00
Al25  1.3627E-18  2.6440E-18  3.6082E-18  8.2247E-18  0.0000E+00  0.0000E+00  0.0000E+00  0.0000E+00  0.0000E+00
Al26  2.3343E-05  4.2792E-05  7.1090E-05  1.5002E-04  5.4635E-32  1.1041E-07  1.7440E-06  8.6772E-06  2.8375E-05
Alg6  3.6749E-09  5.1203E-09  2.1514E-08  6.1532E-08  5.4635E-32  1.1041E-07  1.7440E-06  8.6772E-06  2.8375E-05
Alm6  2.2036E-18  3.5988E-17  6.6624E-20  2.6820E-18  0.0000E+00  0.0000E+00  0.0000E+00  5.2656E-28  6.3616E-25
Al27  1.5174E-03  2.3042E-03  7.0799E-03  6.6054E-03  9.6551E-06  7.5447E-05  1.5989E-04  5.0712E-04  1.2224E-03
Al28  2.1121E-11  1.2237E-13  3.1343E-11  3.4220E-14  0.0000E+00  0.0000E+00  0.0000E+00  0.0000E+00  0.0000E+00
Si27  1.3956E-14  1.2635E-18  3.5580E-14  8.7827E-19  0.0000E+00  0.0000E+00  0.0000E+00  0.0000E+00  0.0000E+00
Si28  5.1206E-02  1.0493E-01  1.1029E-01  1.7622E-01  2.7253E-04  1.7823E-03  2.8479E-03  6.3499E-03  1.0974E-02
Si29  6.8675E-04  1.1829E-03  1.9923E-03  2.5183E-03  1.4333E-05  9.3726E-05  1.4971E-04  3.3361E-04  5.7721E-04
Si30  1.1074E-03  1.7438E-03  2.4792E-03  2.6172E-03  9.7742E-06  6.3922E-05  1.0215E-04  2.2785E-04  3.9633E-04
Si31  4.7386E-09  1.0279E-08  1.4179E-08  2.4224E-08  0.0000E+00  0.0000E+00  0.0000E+00  0.0000E+00  0.0000E+00
Si32  3.2809E-10  5.8894E-10  2.3494E-09  6.3547E-09  0.0000E+00  0.0000E+00  0.0000E+00  0.0000E+00  0.0000E+00
P29   9.8293E-21  2.2407E-20  1.0671E-20  4.7451E-20  0.0000E+00  0.0000E+00  0.0000E+00  0.0000E+00  0.0000E+00
P30   1.7012E-11  1.0682E-12  3.0715E-11  1.6198E-12  0.0000E+00  0.0000E+00  0.0000E+00  0.0000E+00  0.0000E+00
P31   2.5423E-04  4.8831E-04  5.9295E-04  9.6922E-04  1.0110E-06  6.6120E-06  1.0564E-05  2.3553E-05  4.1635E-05
P32   1.6202E-07  2.6192E-07  6.4701E-07  9.9307E-07  0.0000E+00  0.0000E+00  0.0000E+00  8.6081E-35  6.2536E-33
P33   9.4520E-08  1.8801E-07  2.2323E-07  3.0166E-07  0.0000E+00  0.0000E+00  0.0000E+00  0.0000E+00  0.0000E+00
P34   2.5516E-19  1.3612E-21  2.5548E-19  4.1266E-23  0.0000E+00  0.0000E+00  0.0000E+00  0.0000E+00  0.0000E+00
S31   4.9644E-18  4.5191E-22  2.1877E-17  9.3496E-23  0.0000E+00  0.0000E+00  0.0000E+00  0.0000E+00  0.0000E+00
S32   1.6208E-02  3.5609E-02  2.8910E-02  5.1928E-02  1.1375E-04  7.4386E-04  1.1884E-03  2.6492E-03  4.5685E-03
S33   1.3538E-04  2.9485E-04  2.9385E-04  6.4323E-04  9.3913E-07  6.1414E-06  9.8118E-06  2.1872E-05  4.2776E-05
S34   7.2266E-04  1.4589E-03  1.2625E-03  2.6940E-03  5.4617E-06  3.5716E-05  5.7063E-05  1.2720E-04  2.2124E-04
S35   6.9138E-08  1.6268E-07  3.3193E-07  9.3766E-07  0.0000E+00  0.0000E+00  0.0000E+00  1.2947E-33  9.9705E-32
S36   2.1572E-07  3.0739E-07  6.0549E-07  1.1345E-06  2.6960E-08  1.7631E-07  2.8167E-07  6.2792E-07  1.0842E-06
S37   3.2499E-18  6.3169E-19  1.2676E-17  6.0678E-19  0.0000E+00  0.0000E+00  0.0000E+00  0.0000E+00  0.0000E+00
Cl33  6.7840E-24  2.5674E-23  7.1266E-25  1.4085E-23  0.0000E+00  0.0000E+00  0.0000E+00  0.0000E+00  0.0000E+00
Cl34  6.4165E-23  5.6712E-26  3.6235E-22  2.1911E-26  0.0000E+00  0.0000E+00  0.0000E+00  0.0000E+00  0.0000E+00
Cl35  5.0905E-05  1.1054E-04  1.0264E-04  2.6121E-04  1.0642E-06  6.9592E-06  1.1118E-05  2.4785E-05  4.2640E-05
Cl36  2.5789E-07  5.4538E-07  6.9468E-07  1.3221E-06  2.2815E-38  8.4355E-24  5.2064E-21  5.2222E-20  8.0744E-08
Cl37  4.1929E-06  7.5801E-06  1.3375E-05  2.1820E-05  3.5956E-07  2.3514E-06  3.7566E-06  8.3741E-06  1.7538E-05
Cl38  6.8170E-13  3.4758E-12  3.8549E-12  4.6898E-12  0.0000E+00  0.0000E+00  0.0000E+00  0.0000E+00  0.0000E+00
Ar36  2.8100E-03  5.9252E-03  4.4968E-03  7.2363E-03  2.1729E-05  1.4209E-04  2.2703E-04  5.0608E-04  8.7066E-04
Ar37  6.5506E-06  1.7019E-05  1.3691E-05  3.5456E-05  0.0000E+00  4.7872E-29  6.3180E-23  1.2150E-21  3.6933E-21
Ar38  2.7507E-04  5.8384E-04  4.8988E-04  1.1367E-03  4.1702E-06  2.7271E-05  4.3569E-05  9.7125E-05  1.6777E-04
Ar39  7.6125E-08  1.3275E-07  3.2610E-07  5.8407E-07  0.0000E+00  0.0000E+00  8.2749E-33  5.0211E-29  2.5825E-24
Ar40  7.7854E-08  9.0079E-08  1.6257E-07  2.5359E-07  7.0208E-09  4.5913E-08  7.3353E-08  1.6351E-07  2.8433E-07
Ar41  1.4527E-12  9.9936E-12  7.3797E-12  6.0472E-11  0.0000E+00  0.0000E+00  0.0000E+00  0.0000E+00  0.0000E+00
K37   1.5527E-32  9.4466E-32  2.1744E-34  3.4329E-33  0.0000E+00  0.0000E+00  0.0000E+00  0.0000E+00  0.0000E+00
K38   8.5886E-14  3.2582E-14  9.0999E-14  1.6613E-13  0.0000E+00  0.0000E+00  0.0000E+00  0.0000E+00  0.0000E+00
K39   2.7418E-05  5.9864E-05  5.1550E-05  1.0240E-04  4.9380E-07  3.2293E-06  5.1592E-06  1.1501E-05  1.9978E-05
K40   5.3315E-08  1.3536E-07  3.0481E-07  6.2486E-07  7.9774E-10  5.2150E-09  8.3365E-09  1.8588E-08  1.0842E-07
K41   2.9360E-07  4.1758E-07  7.5542E-07  1.1885E-06  3.7463E-08  2.4499E-07  3.9142E-07  8.7253E-07  1.5639E-06
K42   4.0342E-10  4.7908E-09  3.0377E-09  3.1147E-08  0.0000E+00  0.0000E+00  0.0000E+00  0.0000E+00  0.0000E+00
Ca40  2.4525E-03  4.8531E-03  3.5411E-03  5.0418E-03  2.4096E-05  1.5758E-04  2.5176E-04  5.6120E-04  9.6654E-04
Ca41  2.0465E-06  4.7615E-06  4.7371E-06  7.9074E-06  4.3193E-30  6.1586E-21  3.4319E-19  2.3925E-18  9.8977E-07
Ca42  8.3785E-06  1.8655E-05  1.8475E-05  3.6650E-05  1.6887E-07  1.1043E-06  1.7643E-06  3.9329E-06  7.9240E-06
Ca43  4.8907E-07  9.3329E-07  2.0811E-06  3.1621E-06  3.6074E-08  2.3590E-07  3.7691E-07  8.4018E-07  1.6813E-06
Ca44  4.1023E-06  5.3548E-06  9.8956E-06  1.6620E-05  5.7038E-07  3.7299E-06  5.9592E-06  1.3284E-05  2.3240E-05
Ca45  3.7481E-08  6.0508E-08  1.9080E-07  9.5759E-07  0.0000E+00  0.0000E+00  0.0000E+00  6.6574E-33  5.3699E-31
Ca46  2.2022E-08  2.1075E-08  4.0484E-08  2.6002E-07  1.1434E-09  7.4775E-09  1.1946E-08  2.6631E-08  4.5885E-08
Ca47  2.0074E-11  2.5539E-10  1.6522E-10  6.5719E-09  0.0000E+00  0.0000E+00  0.0000E+00  2.5288E-37  1.7267E-35
Ca48  3.5864E-07  4.0173E-07  5.5529E-07  6.5389E-07  5.5779E-08  3.6477E-07  5.8277E-07  1.2991E-06  2.2423E-06
Ca49  3.2147E-17  2.7207E-17  4.7246E-17  1.1695E-17  0.0000E+00  0.0000E+00  0.0000E+00  0.0000E+00  0.0000E+00
Sc41  5.4790E-48  4.6050E-47  3.1676E-50  9.4140E-50  0.0000E+00  0.0000E+00  0.0000E+00  0.0000E+00  0.0000E+00
Sc42  1.2515E-39  1.1283E-40  1.0024E-39  4.2669E-43  0.0000E+00  0.0000E+00  0.0000E+00  0.0000E+00  0.0000E+00
Sc43  3.1866E-08  2.8984E-08  3.2152E-08  2.8434E-08  0.0000E+00  0.0000E+00  0.0000E+00  0.0000E+00  0.0000E+00
Sc44  1.3251E-09  3.8309E-09  5.6511E-09  1.1562E-08  0.0000E+00  0.0000E+00  0.0000E+00  0.0000E+00  0.0000E+00
Sc45  1.9726E-07  4.5119E-07  1.0641E-06  2.0809E-06  8.0651E-09  5.2742E-08  8.4262E-08  1.8784E-07  3.6954E-07
Sc46  9.3649E-09  3.5438E-08  8.1541E-08  3.7465E-07  0.0000E+00  0.0000E+00  0.0000E+00  1.0520E-33  8.1056E-32
Sc47  4.2463E-10  6.8510E-09  5.8061E-09  9.9173E-08  0.0000E+00  0.0000E+00  0.0000E+00  1.9272E-37  1.4203E-35
Sc48  2.8243E-10  1.1228E-09  1.3232E-09  1.3244E-08  0.0000E+00  0.0000E+00  0.0000E+00  0.0000E+00  0.0000E+00
Sc49  2.2387E-13  7.9856E-13  6.8529E-13  4.6344E-12  0.0000E+00  0.0000E+00  0.0000E+00  0.0000E+00  0.0000E+00
Ti44  2.2690E-05  2.3940E-05  2.0748E-05  2.1056E-05  0.0000E+00  0.0000E+00  0.0000E+00  0.0000E+00  0.0000E+00
Ti45  1.9674E-08  3.4783E-08  2.7875E-08  4.0143E-08  0.0000E+00  0.0000E+00  0.0000E+00  0.0000E+00  0.0000E+00
Ti46  5.0097E-06  9.4582E-06  9.5079E-06  1.5568E-05  8.5626E-08  5.5995E-07  8.9461E-07  1.9943E-06  3.4947E-06
Ti47  1.0467E-06  1.2683E-06  1.7688E-06  3.0302E-06  7.8898E-08  5.1595E-07  8.2432E-07  1.8375E-06  3.1674E-06
Ti48  5.1360E-06  5.7457E-06  8.0063E-06  1.0621E-05  7.9839E-07  5.2212E-06  8.3415E-06  1.8595E-05  3.1913E-05
Ti49  4.8729E-07  6.0968E-07  1.1201E-06  2.5293E-06  5.9811E-08  3.9114E-07  6.2490E-07  1.3930E-06  2.5118E-06
Ti50  5.1678E-07  7.7551E-07  1.6223E-06  3.8807E-06  5.8437E-08  3.8216E-07  6.1054E-07  1.3610E-06  2.5159E-06
Ti51  1.5245E-15  7.4219E-16  2.7023E-15  1.1508E-15  0.0000E+00  0.0000E+00  0.0000E+00  0.0000E+00  0.0000E+00
V45   1.5743E-47  3.0295E-51  2.2606E-47  1.2533E-52  0.0000E+00  0.0000E+00  0.0000E+00  0.0000E+00  0.0000E+00
V46   2.8078E-46  1.0127E-49  7.9941E-47  6.0806E-53  0.0000E+00  0.0000E+00  0.0000E+00  0.0000E+00  0.0000E+00
V47   1.1269E-10  1.2117E-10  1.1411E-10  1.1808E-10  0.0000E+00  0.0000E+00  0.0000E+00  0.0000E+00  0.0000E+00
V48   1.9606E-08  4.4189E-08  5.3987E-08  1.1054E-07  0.0000E+00  0.0000E+00  0.0000E+00  0.0000E+00  0.0000E+00
V49   1.5136E-06  2.7561E-06  2.5389E-06  2.4089E-06  0.0000E+00  0.0000E+00  0.0000E+00  0.0000E+00  0.0000E+00
V50   5.1489E-09  1.6588E-08  2.4805E-08  9.1653E-08  1.3499E-10  8.8277E-10  1.4104E-09  3.1440E-09  5.3854E-09
V51   3.7768E-07  4.5655E-07  6.7422E-07  1.0520E-06  5.4938E-08  3.5927E-07  5.7398E-07  1.2795E-06  2.2068E-06
V52   1.6267E-15  2.1208E-16  4.0377E-15  4.0092E-16  0.0000E+00  0.0000E+00  0.0000E+00  0.0000E+00  0.0000E+00
Cr48  5.7407E-05  7.1829E-05  6.0969E-05  6.0603E-05  0.0000E+00  0.0000E+00  0.0000E+00  0.0000E+00  0.0000E+00
Cr49  3.1990E-09  5.6552E-09  5.0364E-09  4.0910E-09  0.0000E+00  0.0000E+00  0.0000E+00  0.0000E+00  0.0000E+00
Cr50  1.1718E-05  2.6825E-05  2.5681E-05  2.2655E-05  1.2032E-07  7.8686E-07  1.2571E-06  2.8024E-06  4.7999E-06
Cr51  3.0019E-06  6.2354E-06  5.7293E-06  4.2526E-06  0.0000E+00  3.8077E-29  6.6016E-24  1.4616E-22  8.5306E-22
Cr52  1.7346E-05  1.9997E-05  2.6562E-05  3.0786E-05  2.4131E-06  1.5781E-05  2.5212E-05  5.6204E-05  9.6821E-05
Cr53  1.7686E-06  1.9799E-06  2.7165E-06  3.1923E-06  2.7889E-07  1.8238E-06  2.9138E-06  6.4956E-06  1.1179E-05
Cr54  6.5985E-07  1.0196E-06  1.9574E-06  2.8348E-06  7.0732E-08  4.6255E-07  7.3899E-07  1.6474E-06  3.1064E-06
Cr55  1.7825E-15  6.5392E-16  2.1299E-15  9.0545E-16  0.0000E+00  0.0000E+00  0.0000E+00  0.0000E+00  0.0000E+00
Mn50  4.6888E-55  6.6826E-59  1.7311E-55  1.7858E-59  0.0000E+00  0.0000E+00  0.0000E+00  0.0000E+00  0.0000E+00
Mn51  7.7166E-09  1.5781E-08  1.4360E-08  8.7815E-09  0.0000E+00  0.0000E+00  0.0000E+00  0.0000E+00  0.0000E+00
Mn52  9.0157E-05  1.5308E-04  1.2928E-04  1.2986E-04  0.0000E+00  0.0000E+00  0.0000E+00  0.0000E+00  0.0000E+00
Mn53  2.8496E-05  5.4474E-05  4.8377E-05  3.9439E-05  0.0000E+00  0.0000E+00  0.0000E+00  0.0000E+00  0.0000E+00
Mn54  1.1833E-08  3.1230E-08  3.1662E-08  9.2469E-08  0.0000E+00  0.0000E+00  0.0000E+00  0.0000E+00  0.0000E+00
Mn55  1.2652E-05  1.3919E-05  1.8902E-05  2.1149E-05  1.8783E-06  1.2283E-05  1.9623E-05  4.3743E-05  7.5732E-05
Mn56  9.8617E-10  2.8321E-09  9.2900E-10  3.2865E-09  0.0000E+00  0.0000E+00  0.0000E+00  0.0000E+00  0.0000E+00
Mn57  7.5863E-19  1.2772E-20  1.1953E-18  1.0347E-21  0.0000E+00  0.0000E+00  0.0000E+00  0.0000E+00  0.0000E+00
Fe52  2.6933E-04  4.5974E-04  3.8347E-04  3.8845E-04  0.0000E+00  0.0000E+00  0.0000E+00  0.0000E+00  0.0000E+00
Fe53  1.4612E-14  1.8528E-14  5.7223E-14  2.2275E-13  0.0000E+00  0.0000E+00  0.0000E+00  0.0000E+00  0.0000E+00
Fe54  7.6546E-04  1.8017E-03  1.6413E-03  1.0109E-03  1.2664E-05  8.2816E-05  1.3231E-04  2.9494E-04  5.0559E-04
Fe55  2.4040E-05  4.8941E-05  4.3900E-05  3.5782E-05  1.1812E-35  2.3754E-23  1.8445E-19  7.2520E-19  4.7264E-11
Fe56  1.3262E-03  1.4683E-03  1.9672E-03  2.2397E-03  2.0616E-04  1.3482E-03  2.1540E-03  4.8015E-03  8.2664E-03
Fe57  3.6005E-05  4.5133E-05  6.8472E-05  7.8439E-05  4.8461E-06  3.1692E-05  5.0632E-05  1.1287E-04  2.0186E-04
Fe58  1.4175E-05  3.3671E-05  7.1277E-05  9.0633E-05  6.5626E-07  4.2915E-06  6.8564E-06  1.5284E-05  4.1785E-05
Fe59  3.8725E-07  1.3262E-06  2.1230E-06  8.8941E-06  0.0000E+00  0.0000E+00  0.0000E+00  6.1592E-33  4.6417E-31
Fe60  1.8359E-07  2.1540E-07  3.5613E-07  2.4581E-06  0.0000E+00  0.0000E+00  3.7393E-38  1.6684E-37  1.1574E-10
Fe61  1.1820E-15  1.2852E-16  5.2162E-16  1.5539E-18  0.0000E+00  0.0000E+00  0.0000E+00  0.0000E+00  0.0000E+00
Co54  1.0929E-59  1.2381E-59  1.6551E-59  1.7858E-59  0.0000E+00  0.0000E+00  0.0000E+00  0.0000E+00  0.0000E+00
Co55  9.9876E-05  2.0428E-04  1.7473E-04  1.2884E-04  0.0000E+00  0.0000E+00  0.0000E+00  0.0000E+00  0.0000E+00
Co56  1.6896E-06  1.7358E-06  1.8495E-06  1.5383E-06  0.0000E+00  0.0000E+00  0.0000E+00  0.0000E+00  0.0000E+00
Co57  1.3757E-04  1.2755E-04  1.3331E-04  1.1259E-04  0.0000E+00  0.0000E+00  0.0000E+00  0.0000E+00  0.0000E+00
Co58  2.4651E-07  4.1974E-07  4.2663E-07  4.5536E-07  0.0000E+00  0.0000E+00  0.0000E+00  0.0000E+00  0.0000E+00
Co59  8.8125E-06  1.7017E-05  3.6434E-05  4.3440E-05  7.3156E-07  4.7840E-06  7.6431E-06  1.7038E-05  3.2585E-05
Co60  2.1565E-07  8.3916E-07  8.5655E-07  2.9151E-06  0.0000E+00  0.0000E+00  0.0000E+00  1.0852E-30  2.0776E-16
Co61  1.2864E-09  1.1474E-08  4.9285E-09  3.6974E-08  0.0000E+00  0.0000E+00  0.0000E+00  0.0000E+00  0.0000E+00
Ni56  7.0000E-02  7.0000E-02  7.0000E-02  7.0000E-02  0.0000E+00  0.0000E+00  0.0000E+00  0.0000E+00  0.0000E+00
Ni57  2.5820E-03  2.4017E-03  2.4528E-03  2.1047E-03  0.0000E+00  0.0000E+00  0.0000E+00  0.0000E+00  0.0000E+00
Ni58  4.1781E-03  4.4675E-03  4.5228E-03  4.4797E-03  8.3142E-06  5.4370E-05  8.6866E-05  1.9364E-04  3.3204E-04
Ni59  1.5540E-04  1.3250E-04  1.3851E-04  1.1173E-04  4.6381E-30  6.7310E-21  3.7498E-19  2.6156E-18  2.4043E-07
Ni60  1.6004E-03  1.4293E-03  1.4161E-03  1.4929E-03  3.3131E-06  2.1666E-05  3.4614E-05  7.7161E-05  1.3562E-04
Ni61  5.2531E-05  4.5570E-05  5.2639E-05  5.6960E-05  1.4642E-07  9.5749E-07  1.5297E-06  3.4100E-06  6.9198E-06
Ni62  2.0626E-05  3.0184E-05  4.9690E-05  8.9269E-05  4.7450E-07  3.1029E-06  4.9575E-06  1.1051E-05  2.0796E-05
Ni63  8.9013E-07  1.5996E-06  4.6558E-06  1.4404E-05  0.0000E+00  0.0000E+00  2.0888E-42  3.3831E-29  3.2106E-25
Ni64  2.2152E-06  3.4965E-06  1.0307E-05  3.0752E-05  1.2474E-07  8.1572E-07  1.3032E-06  2.9052E-06  5.3084E-06
Ni65  2.1480E-10  2.6988E-09  1.6268E-09  2.7906E-08  0.0000E+00  0.0000E+00  0.0000E+00  0.0000E+00  0.0000E+00
Cu57  1.0929E-59  1.2381E-59  1.6551E-59  1.7858E-59  0.0000E+00  0.0000E+00  0.0000E+00  0.0000E+00  0.0000E+00
Cu58  1.1864E-33  8.5593E-37  1.6000E-33  4.2152E-37  0.0000E+00  0.0000E+00  0.0000E+00  0.0000E+00  0.0000E+00
Cu59  4.1100E-19  5.8512E-20  5.3914E-20  8.0468E-21  0.0000E+00  0.0000E+00  0.0000E+00  0.0000E+00  0.0000E+00
Cu60  3.5416E-08  3.0357E-08  3.0503E-08  3.1099E-08  0.0000E+00  0.0000E+00  0.0000E+00  0.0000E+00  0.0000E+00
Cu61  3.9124E-05  3.1399E-05  3.1434E-05  2.8181E-05  0.0000E+00  0.0000E+00  0.0000E+00  0.0000E+00  0.0000E+00
Cu62  4.6481E-07  4.3282E-07  4.8836E-07  3.7598E-07  0.0000E+00  0.0000E+00  0.0000E+00  0.0000E+00  0.0000E+00
Cu63  1.8816E-06  3.6382E-06  6.8931E-06  1.6277E-05  8.5635E-08  5.6001E-07  8.9470E-07  1.9945E-06  4.1277E-06
Cu64  2.8793E-08  2.0034E-07  2.4160E-07  1.1481E-06  0.0000E+00  0.0000E+00  0.0000E+00  1.1481E-34  6.0183E-33
Cu65  7.8053E-07  2.0969E-06  6.6201E-06  2.3057E-05  3.9380E-08  2.5752E-07  4.1145E-07  9.1718E-07  1.9479E-06
Cu66  3.1566E-14  1.6667E-14  1.1047E-13  7.9131E-14  0.0000E+00  0.0000E+00  0.0000E+00  0.0000E+00  0.0000E+00
Zn60  1.5714E-22  1.6289E-23  8.0323E-23  3.8954E-23  0.0000E+00  0.0000E+00  0.0000E+00  0.0000E+00  0.0000E+00
Zn61  1.0239E-21  5.3707E-24  2.4034E-22  1.8448E-23  0.0000E+00  0.0000E+00  0.0000E+00  0.0000E+00  0.0000E+00
Zn62  6.3011E-04  6.2213E-04  5.9815E-04  5.3012E-04  0.0000E+00  0.0000E+00  0.0000E+00  0.0000E+00  0.0000E+00
Zn63  1.1969E-09  1.2285E-09  1.0917E-09  1.6591E-09  0.0000E+00  0.0000E+00  0.0000E+00  0.0000E+00  0.0000E+00
Zn64  9.2634E-06  1.0226E-05  1.2267E-05  2.3279E-05  1.4338E-07  9.3761E-07  1.4980E-06  3.3393E-06  6.0341E-06
Zn65  8.3235E-07  9.7885E-07  1.4933E-06  3.5114E-06  0.0000E+00  0.0000E+00  8.2774E-29  1.1132E-29  3.0350E-26
Zn66  4.0221E-06  6.6664E-06  1.0490E-05  3.5220E-05  8.4828E-08  5.5473E-07  8.8627E-07  1.9757E-06  3.5455E-06
Zn67  1.7400E-07  3.5872E-07  1.5106E-06  6.0934E-06  1.2655E-08  8.2755E-08  1.3221E-07  2.9473E-07  5.3590E-07
Zn68  7.7450E-07  1.4485E-06  4.7910E-06  2.4198E-05  5.8736E-08  3.8411E-07  6.1366E-07  1.3680E-06  2.4400E-06
Zn69  1.5230E-11  1.3790E-10  3.4073E-10  3.6621E-09  0.0000E+00  0.0000E+00  0.0000E+00  0.0000E+00  0.0000E+00
Zn70  1.3191E-08  2.9833E-08  2.9288E-08  4.7476E-07  1.9993E-09  1.3074E-08  2.0889E-08  4.6565E-08  7.9933E-08
Zn71  1.5060E-18  7.3438E-20  4.1549E-18  2.4612E-20  0.0000E+00  0.0000E+00  0.0000E+00  0.0000E+00  0.0000E+00
Ga62  1.0929E-59  1.2381E-59  1.6551E-59  1.7858E-59  0.0000E+00  0.0000E+00  0.0000E+00  0.0000E+00  0.0000E+00
Ga63  2.4467E-30  2.0748E-32  3.1242E-28  1.4068E-31  0.0000E+00  0.0000E+00  0.0000E+00  0.0000E+00  0.0000E+00
Ga64  2.4515E-23  4.1424E-25  1.2217E-23  2.6486E-24  0.0000E+00  0.0000E+00  0.0000E+00  0.0000E+00  0.0000E+00
Ga65  1.7100E-13  1.2513E-13  1.2668E-13  1.1692E-13  0.0000E+00  0.0000E+00  0.0000E+00  0.0000E+00  0.0000E+00
Ga66  7.0445E-06  6.4706E-06  6.1317E-06  5.2037E-06  0.0000E+00  0.0000E+00  0.0000E+00  0.0000E+00  0.0000E+00
Ga67  2.5953E-08  4.4160E-08  5.8187E-08  2.4376E-07  0.0000E+00  0.0000E+00  0.0000E+00  0.0000E+00  0.0000E+00
Ga68  2.8406E-11  1.9483E-10  2.8879E-10  1.3658E-09  0.0000E+00  0.0000E+00  0.0000E+00  0.0000E+00  0.0000E+00
Ga69  1.0602E-07  3.0859E-07  8.1822E-07  4.6282E-06  5.7700E-09  3.7733E-08  6.0284E-08  1.3438E-07  2.4277E-07
Ga70  4.5710E-13  1.1746E-12  5.0877E-12  4.7236E-12  0.0000E+00  0.0000E+00  0.0000E+00  0.0000E+00  0.0000E+00
Ga71  5.9294E-08  1.2260E-07  3.6122E-07  1.7082E-06  3.9404E-09  2.5768E-08  4.1168E-08  9.1774E-08  1.6581E-07
Ga72  1.8484E-10  4.3024E-09  6.7456E-09  1.5434E-07  0.0000E+00  0.0000E+00  0.0000E+00  0.0000E+00  0.0000E+00
Ge64  3.8636E-31  3.9857E-33  1.1313E-31  2.5364E-32  0.0000E+00  0.0000E+00  0.0000E+00  0.0000E+00  0.0000E+00
Ge65  1.0914E-33  6.2277E-36  3.4332E-33  1.9566E-34  0.0000E+00  0.0000E+00  0.0000E+00  0.0000E+00  0.0000E+00
Ge66  1.3839E-06  1.2706E-06  1.2048E-06  1.0219E-06  0.0000E+00  0.0000E+00  0.0000E+00  0.0000E+00  0.0000E+00
Ge67  5.9496E-15  5.9072E-15  5.0543E-15  6.2038E-15  0.0000E+00  0.0000E+00  0.0000E+00  0.0000E+00  0.0000E+00
Ge68  7.8077E-09  2.2151E-08  3.5629E-08  2.1171E-07  0.0000E+00  0.0000E+00  0.0000E+00  0.0000E+00  0.0000E+00
Ge69  4.6837E-10  3.3120E-09  6.3464E-09  3.4763E-08  0.0000E+00  0.0000E+00  0.0000E+00  0.0000E+00  0.0000E+00
Ge70  1.6897E-07  6.7448E-07  1.3821E-06  9.2800E-06  8.2679E-09  5.4067E-08  8.6381E-08  1.9256E-07  3.4512E-07
Ge71  4.9522E-09  3.1652E-08  1.2216E-07  1.0380E-06  0.0000E+00  0.0000E+00  0.0000E+00  1.3110E-34  9.4387E-33
Ge72  1.4812E-07  3.3479E-07  8.4923E-07  5.5216E-06  1.1238E-08  7.3491E-08  1.1741E-07  2.6174E-07  4.5985E-07
Ge73  3.8691E-08  5.3737E-08  2.3512E-07  1.4999E-06  3.1981E-09  2.0914E-08  3.3413E-08  7.4483E-08  1.3063E-07
Ge74  1.7198E-07  2.3257E-07  7.0225E-07  5.0483E-06  1.5216E-08  9.9503E-08  1.5897E-07  3.5438E-07  6.2109E-07
Ge75  6.8385E-12  5.9258E-11  3.0654E-10  3.2439E-09  0.0000E+00  0.0000E+00  0.0000E+00  0.0000E+00  0.0000E+00
Ge76  2.0858E-08  2.7083E-08  3.3837E-08  2.7553E-07  3.2779E-09  2.1436E-08  3.4247E-08  7.6342E-08  1.3104E-07
Ge77  8.2113E-13  3.3414E-11  9.4864E-12  2.5887E-09  0.0000E+00  0.0000E+00  0.0000E+00  0.0000E+00  0.0000E+00
As71  1.5133E-11  1.3174E-10  2.7970E-10  2.9027E-09  0.0000E+00  0.0000E+00  0.0000E+00  0.0000E+00  0.0000E+00
As72  2.7064E-11  2.5899E-10  5.4013E-10  5.3984E-09  0.0000E+00  0.0000E+00  0.0000E+00  0.0000E+00  0.0000E+00
As73  1.1099E-09  9.7733E-09  1.9651E-08  1.8621E-07  0.0000E+00  0.0000E+00  0.0000E+00  0.0000E+00  0.0000E+00
As74  2.4009E-10  2.0150E-09  4.2256E-09  4.3625E-08  0.0000E+00  0.0000E+00  0.0000E+00  0.0000E+00  0.0000E+00
As75  2.3172E-08  5.8280E-08  1.4339E-07  1.3541E-06  1.8987E-09  1.2417E-08  1.9838E-08  4.4221E-08  7.7063E-08
As76  2.4646E-10  1.9801E-09  9.3356E-09  2.1131E-07  0.0000E+00  0.0000E+00  0.0000E+00  0.0000E+00  0.0000E+00
As77  5.9271E-10  6.4111E-09  1.1346E-08  4.8719E-07  0.0000E+00  0.0000E+00  0.0000E+00  0.0000E+00  0.0000E+00
Se74  5.4868E-09  4.4310E-08  7.0035E-08  8.1883E-07  1.8282E-10  1.1956E-09  1.9101E-09  4.2579E-09  7.2792E-09
Se75  5.4217E-10  5.3833E-09  9.6975E-09  1.3935E-07  0.0000E+00  0.0000E+00  0.0000E+00  1.0585E-34  8.2803E-33
Se76  3.4569E-08  1.0918E-07  2.0598E-07  2.4040E-06  1.9768E-09  1.2926E-08  2.0652E-08  4.6039E-08  8.1860E-08
Se77  1.5729E-08  1.8980E-08  6.0407E-08  3.6206E-07  1.6308E-09  1.0665E-08  1.7039E-08  3.7982E-08  6.6098E-08
Se78  6.2491E-08  8.0275E-08  2.5197E-07  1.7309E-06  5.1466E-09  3.3656E-08  5.3770E-08  1.1986E-07  2.1142E-07
Se79  5.4270E-09  5.6427E-09  4.7411E-08  4.0044E-07  0.0000E+00  3.4098E-28  6.0946E-24  2.0116E-22  3.0969E-14
Se80  8.8501E-08  9.7699E-08  1.8786E-07  1.2621E-06  1.1017E-08  7.2044E-08  1.1510E-07  2.5658E-07  4.3984E-07
Se81  8.7884E-15  9.8125E-16  7.3284E-13  6.6771E-14  0.0000E+00  0.0000E+00  0.0000E+00  0.0000E+00  0.0000E+00
Se82  1.2748E-08  1.5493E-08  1.9998E-08  1.2767E-07  1.9871E-09  1.2995E-08  2.0761E-08  4.6280E-08  7.9614E-08
Se83  1.0720E-16  1.6018E-16  2.6975E-16  4.9534E-15  0.0000E+00  0.0000E+00  0.0000E+00  0.0000E+00  0.0000E+00
Br75  4.7665E-15  3.6945E-14  7.4275E-14  1.0322E-12  0.0000E+00  0.0000E+00  0.0000E+00  0.0000E+00  0.0000E+00
Br76  1.5224E-12  1.3852E-11  3.3408E-11  5.4716E-10  0.0000E+00  0.0000E+00  0.0000E+00  0.0000E+00  0.0000E+00
Br77  4.2168E-11  4.4698E-10  7.4368E-10  1.8734E-08  0.0000E+00  0.0000E+00  0.0000E+00  0.0000E+00  0.0000E+00
Br78  1.9875E-16  1.8092E-16  1.5204E-15  7.6195E-15  0.0000E+00  0.0000E+00  0.0000E+00  0.0000E+00  0.0000E+00
Br79  1.1564E-08  1.7683E-08  2.7210E-08  1.8862E-07  1.7618E-09  1.1521E-08  1.8406E-08  4.1033E-08  7.0608E-08
Br80  5.3368E-14  1.2650E-13  4.6476E-13  3.7867E-12  0.0000E+00  0.0000E+00  0.0000E+00  0.0000E+00  0.0000E+00
Br81  1.5051E-08  2.1492E-08  3.9844E-08  4.0736E-07  1.7571E-09  1.1491E-08  1.8359E-08  4.0925E-08  7.0290E-08
Br82  5.4934E-11  5.5612E-10  1.1339E-09  4.1925E-08  0.0000E+00  0.0000E+00  0.0000E+00  0.0000E+00  0.0000E+00
Br83  4.7159E-11  6.2316E-10  5.1693E-10  1.7912E-08  0.0000E+00  0.0000E+00  0.0000E+00  0.0000E+00  0.0000E+00
Kr78  6.1840E-10  2.1963E-09  3.2306E-09  6.9546E-08  6.3709E-11  4.1662E-10  6.6562E-10  1.4838E-09  2.5386E-09
Kr79  1.7168E-11  1.4053E-10  2.6977E-10  5.3246E-09  0.0000E+00  0.0000E+00  0.0000E+00  0.0000E+00  0.0000E+00
Kr80  5.4695E-09  1.6947E-08  2.8819E-08  4.8152E-07  4.1985E-10  2.7456E-09  4.3864E-09  9.7784E-09  1.8268E-08
Kr81  6.3507E-10  1.5182E-09  4.2607E-09  3.9040E-08  0.0000E+00  5.2567E-26  5.3004E-23  5.8256E-22  5.5521E-10
Kr82  2.3103E-08  3.1039E-08  7.4462E-08  5.3674E-07  2.1564E-09  1.4101E-08  2.2530E-08  5.0223E-08  8.9819E-08
Kr83  1.6328E-08  2.1842E-08  4.7583E-08  3.0742E-07  2.1623E-09  1.4140E-08  2.2591E-08  5.0359E-08  8.7288E-08
Kr84  8.1485E-08  9.7458E-08  2.1221E-07  9.7733E-07  1.0785E-08  7.0527E-08  1.1268E-07  2.5118E-07  4.3596E-07
Kr85  3.2448E-09  4.1709E-09  2.0565E-08  1.9035E-07  0.0000E+00  0.0000E+00  0.0000E+00  5.0022E-32  2.2890E-29
Kr86  2.6788E-08  3.1560E-08  5.3187E-08  2.9771E-07  3.3390E-09  2.1835E-08  3.4886E-08  7.7767E-08  1.3414E-07
Kr87  9.9200E-15  9.5890E-14  1.1045E-13  7.2790E-12  0.0000E+00  0.0000E+00  0.0000E+00  0.0000E+00  0.0000E+00
Rb79  5.3406E-19  1.5242E-18  5.8313E-18  9.3703E-17  0.0000E+00  0.0000E+00  0.0000E+00  0.0000E+00  0.0000E+00
Rb80  1.5456E-21  3.9082E-24  1.2834E-20  3.4003E-22  0.0000E+00  0.0000E+00  0.0000E+00  0.0000E+00  0.0000E+00
Rb81  8.9610E-14  6.9260E-13  1.5522E-12  4.1934E-11  0.0000E+00  0.0000E+00  0.0000E+00  0.0000E+00  0.0000E+00
Rb82  1.5978E-13  1.1204E-12  2.9926E-12  6.8383E-11  0.0000E+00  0.0000E+00  0.0000E+00  0.0000E+00  0.0000E+00
Rb83  2.7984E-11  1.8899E-10  3.8095E-10  8.9466E-09  0.0000E+00  0.0000E+00  0.0000E+00  0.0000E+00  0.0000E+00
Rb84  4.6934E-12  3.1778E-11  7.1995E-11  1.5378E-09  0.0000E+00  0.0000E+00  0.0000E+00  0.0000E+00  0.0000E+00
Rb85  1.7687E-08  2.2895E-08  3.8908E-08  1.8201E-07  2.5300E-09  1.6545E-08  2.6433E-08  5.8922E-08  1.0199E-07
Rb86  4.1342E-10  1.5421E-09  4.8482E-09  5.8743E-08  0.0000E+00  0.0000E+00  0.0000E+00  2.3729E-34  1.7357E-32
Rb87  9.4575E-09  1.4604E-08  2.4492E-08  2.9141E-07  1.0656E-09  6.9688E-09  1.1134E-08  2.4819E-08  4.2763E-08
Rb88  5.3746E-16  8.5233E-17  2.9912E-15  3.5133E-15  0.0000E+00  0.0000E+00  0.0000E+00  0.0000E+00  0.0000E+00
Sr84  6.5096E-10  2.2195E-09  2.6505E-09  6.5139E-08  4.4086E-11  2.8830E-10  4.6061E-10  1.0268E-09  1.7553E-09
Sr85  2.6020E-11  1.3126E-10  1.9404E-10  3.3646E-09  0.0000E+00  0.0000E+00  0.0000E+00  1.4452E-35  1.0944E-33
Sr86  8.9697E-09  1.5445E-08  3.6281E-08  2.1544E-07  7.9820E-10  5.2198E-09  8.3394E-09  1.8590E-08  3.5263E-08
Sr87  5.2934E-09  8.5766E-09  2.3294E-08  1.1629E-07  5.6438E-10  3.6908E-09  5.8963E-09  1.3144E-08  2.4458E-08
Sr88  5.6707E-08  8.7675E-08  1.7453E-07  7.9555E-07  6.8434E-09  4.4751E-08  7.1498E-08  1.5938E-07  2.8198E-07
Sr89  3.1198E-10  5.8251E-10  2.9393E-09  3.8910E-08  0.0000E+00  0.0000E+00  0.0000E+00  2.6305E-35  1.9752E-33
Sr90  1.0418E-10  1.2478E-10  4.2223E-10  1.0553E-08  0.0000E+00  0.0000E+00  0.0000E+00  0.0000E+00  0.0000E+00
Sr91  2.2067E-14  3.8735E-13  2.8941E-13  1.7530E-10  0.0000E+00  0.0000E+00  0.0000E+00  0.0000E+00  0.0000E+00
Y85   2.6153E-16  1.9110E-15  2.2715E-15  1.2058E-13  0.0000E+00  0.0000E+00  0.0000E+00  0.0000E+00  0.0000E+00
Y86   6.8104E-15  3.5827E-14  9.9035E-14  1.5927E-12  0.0000E+00  0.0000E+00  0.0000E+00  0.0000E+00  0.0000E+00
Y87   1.3874E-12  7.0246E-12  1.3161E-11  2.6312E-10  0.0000E+00  0.0000E+00  0.0000E+00  0.0000E+00  0.0000E+00
Y88   3.9955E-12  1.7137E-11  3.7408E-11  5.2220E-10  0.0000E+00  0.0000E+00  0.0000E+00  0.0000E+00  0.0000E+00
Y89   1.4103E-08  2.1698E-08  3.8193E-08  1.4131E-07  1.8314E-09  1.1976E-08  1.9133E-08  4.2655E-08  7.4664E-08
Y90   1.6011E-11  1.4037E-10  3.1843E-10  2.6806E-09  0.0000E+00  0.0000E+00  0.0000E+00  0.0000E+00  0.0000E+00
Y91   3.2100E-11  2.1931E-10  3.8498E-10  1.0774E-08  0.0000E+00  0.0000E+00  0.0000E+00  0.0000E+00  0.0000E+00
Zr90  1.6217E-08  2.2945E-08  3.6494E-08  1.1419E-07  2.2336E-09  1.4607E-08  2.3337E-08  5.2021E-08  9.0179E-08
Zr91  3.4650E-09  4.2670E-09  7.8893E-09  1.7614E-08  4.9253E-10  3.2208E-09  5.1459E-09  1.1471E-08  1.9898E-08
Zr92  5.4074E-09  6.8500E-09  1.1552E-08  2.8070E-08  7.6111E-10  4.9772E-09  7.9520E-09  1.7726E-08  3.0788E-08
Zr93  1.9350E-10  4.0938E-10  1.6021E-09  6.4655E-09  6.4104E-35  7.7654E-25  7.2957E-23  5.4281E-22  1.2399E-10
Zr94  5.3228E-09  6.2528E-09  9.9003E-09  2.0502E-08  7.8808E-10  5.1537E-09  8.2336E-09  1.8354E-08  3.1804E-08
Zr95  4.2554E-11  7.0695E-11  4.0248E-10  2.7684E-09  0.0000E+00  0.0000E+00  0.0000E+00  2.6161E-35  1.9803E-33
Zr96  6.7450E-11  6.2194E-11  2.7540E-10  3.5856E-09  2.2565E-11  3.0088E-11  4.5132E-11  6.0179E-11  9.0269E-11
Zr97  2.5088E-15  1.0865E-13  2.6940E-14  2.9771E-11  0.0000E+00  0.0000E+00  0.0000E+00  0.0000E+00  0.0000E+00
Nb91  5.5307E-12  2.5616E-11  3.7178E-11  2.4551E-10  0.0000E+00  0.0000E+00  0.0000E+00  0.0000E+00  0.0000E+00
Nb92  7.0961E-13  3.5209E-12  4.9945E-12  3.7068E-11  0.0000E+00  0.0000E+00  0.0000E+00  0.0000E+00  0.0000E+00
Nb93  2.0390E-09  2.2279E-09  2.8771E-09  3.4406E-09  3.4031E-10  2.2255E-09  3.5555E-09  7.9260E-09  1.3555E-08
Nb94  4.8044E-13  1.2499E-12  3.5930E-12  2.6085E-11  0.0000E+00  1.4563E-32  2.4709E-26  8.1504E-25  1.8431E-21
Nb95  1.2531E-11  3.2036E-12  6.1989E-11  8.4893E-11  0.0000E+00  0.0000E+00  0.0000E+00  1.4280E-35  1.1049E-33
Nb96  2.8351E-13  5.4226E-14  4.5644E-12  1.4790E-11  0.0000E+00  0.0000E+00  0.0000E+00  0.0000E+00  0.0000E+00
Nb97  1.8441E-14  1.1559E-14  9.4966E-14  2.8030E-12  0.0000E+00  0.0000E+00  0.0000E+00  0.0000E+00  0.0000E+00
Mo92  9.0364E-10  1.2729E-09  1.5691E-09  2.7921E-09  1.2862E-10  8.4109E-10  1.3438E-09  2.9955E-09  5.1291E-09
Mo93  5.4693E-12  1.9290E-11  2.8391E-11  8.2364E-11  0.0000E+00  3.7527E-40  6.2902E-28  4.5987E-26  1.4181E-16
Mo94  6.9178E-10  9.0494E-10  1.2266E-09  2.0282E-09  8.2792E-11  5.4142E-10  8.6500E-10  1.9283E-09  3.3393E-09
Mo95  9.2408E-10  1.0393E-09  1.4088E-09  1.7346E-09  1.4482E-10  9.4702E-10  1.5130E-09  3.3728E-09  5.8093E-09
Mo96  1.8694E-09  2.2286E-09  3.1347E-09  4.3018E-09  2.6115E-10  1.8253E-09  2.9190E-09  6.5474E-09  1.1315E-08
Mo97  5.9294E-10  6.7691E-10  1.0046E-09  1.3632E-09  8.9617E-11  5.8605E-10  9.3630E-10  2.0872E-09  3.6072E-09
Mo98  1.5367E-09  1.7867E-09  2.7254E-09  3.9020E-09  2.3007E-10  1.5045E-09  2.4037E-09  5.3583E-09  9.2848E-09
Xe132  5.0080E-09  5.7542E-09  8.2585E-09  1.1674E-08  7.7169E-10  5.0464E-09  8.0625E-09  1.7973E-08  3.0997E-08
Xe133  2.6317E-12  3.3563E-11  6.8763E-11  5.9710E-10  0.0000E+00  0.0000E+00  0.0000E+00  4.6955E-36  3.2512E-34
Xe134  1.8417E-09  2.0343E-09  2.7260E-09  4.5140E-09  2.8925E-10  1.8916E-09  3.0220E-09  6.7369E-09  1.1566E-08
Xe135  1.1551E-13  8.6683E-13  5.1897E-13  4.9611E-11  0.0000E+00  0.0000E+00  0.0000E+00  0.0000E+00  0.0000E+00
Cs133  1.2571E-09  1.3956E-09  1.9165E-09  2.3492E-09  2.0288E-10  1.3268E-09  2.1197E-09  4.7252E-09  8.1063E-09
Cs134  1.9732E-12  7.1627E-12  2.4310E-11  7.9908E-11  0.0000E+00  0.0000E+00  0.0000E+00  1.4814E-33  1.7884E-31
Cs135  2.1571E-11  2.8597E-11  1.0129E-10  5.2869E-10  4.3569E-35  1.7921E-25  1.3161E-23  9.4821E-23  3.5526E-12
Cs136  1.9777E-12  4.8583E-12  1.6036E-11  2.0995E-10  0.0000E+00  0.0000E+00  0.0000E+00  0.0000E+00  1.2840E-39
Cs137  1.2516E-11  9.2409E-12  2.1927E-11  8.4076E-10  0.0000E+00  0.0000E+00  0.0000E+00  0.0000E+00  0.0000E+00
Cs138  1.0151E-18  1.5003E-19  2.7561E-20  2.0678E-18  0.0000E+00  0.0000E+00  0.0000E+00  0.0000E+00  0.0000E+00
Ba134  5.6397E-10  7.1872E-10  1.1632E-09  1.7334E-09  6.2197E-11  4.0674E-10  6.4982E-10  1.4486E-09  2.5970E-09
Ba135  1.0340E-09  1.1458E-09  1.5636E-09  1.8537E-09  1.7090E-10  1.1176E-09  1.7855E-09  3.9803E-09  6.8303E-09
Ba136  1.5439E-09  1.9564E-09  3.1839E-09  4.7712E-09  2.0512E-10  1.3415E-09  2.1431E-09  4.7774E-09  8.4522E-09
Ba137  1.9560E-09  2.2735E-09  3.4321E-09  4.7660E-09  2.9551E-10  1.9325E-09  3.0874E-09  6.8826E-09  1.1984E-08
Ba138  1.2948E-08  1.5688E-08  2.4435E-08  3.7255E-08  1.9000E-09  1.2426E-08  1.9852E-08  4.4253E-08  7.7007E-08
Ba139  7.8549E-15  6.9306E-14  5.0641E-16  6.1118E-14  0.0000E+00  0.0000E+00  0.0000E+00  0.0000E+00  0.0000E+00
La138  1.3196E-12  1.5412E-12  2.0694E-12  2.7301E-12  2.0059E-13  1.3118E-12  2.0958E-12  4.6718E-12  8.0675E-12
La139  1.5039E-09  1.8128E-09  2.8398E-09  4.3925E-09  2.2183E-10  1.4507E-09  2.3177E-09  5.1664E-09  8.9659E-09
La140  9.8315E-14  1.5121E-12  1.5929E-14  9.4694E-12  0.0000E+00  0.0000E+00  0.0000E+00  0.0000E+00  0.0000E+00
Ce140  3.9628E-09  4.6210E-09  6.8725E-09  9.7854E-09  5.9734E-10  3.9063E-09  6.2409E-09  1.3912E-08  2.4071E-08
Ce141  3.8793E-12  1.3023E-11  2.8035E-12  2.5732E-10  0.0000E+00  0.0000E+00  0.0000E+00  3.0884E-36  2.2901E-34
Pr141  6.0264E-10  6.9921E-10  9.7888E-10  1.2185E-09  9.3889E-11  6.1399E-10  9.8093E-10  2.1867E-09  3.7646E-09
Pr142  6.2896E-14  1.3972E-12  4.6834E-13  3.1582E-11  0.0000E+00  0.0000E+00  0.0000E+00  0.0000E+00  0.0000E+00
Nd142  9.2126E-10  1.2049E-09  1.7374E-09  2.6574E-09  1.2816E-10  8.3810E-10  1.3390E-09  2.9849E-09  5.1818E-09
Nd143  3.5115E-10  3.8946E-10  5.2367E-10  6.4167E-10  5.7377E-11  3.7522E-10  5.9947E-10  1.3363E-09  2.2940E-09
Nd144  7.4291E-10  8.3162E-10  1.1755E-09  1.4631E-09  1.1403E-10  7.4572E-10  1.1914E-09  2.6559E-09  4.5810E-09
Hg202  7.5538E-10  8.6721E-10  1.2908E-09  1.7445E-09  1.1320E-10  7.4026E-10  1.1827E-09  2.6364E-09  4.5705E-09
Hg203  1.9869E-13  4.8216E-12  1.2221E-12  5.1205E-11  0.0000E+00  0.0000E+00  0.0000E+00  5.8537E-36  4.3304E-34
Hg204  1.6468E-10  1.7986E-10  2.3804E-10  2.9405E-10  2.6301E-11  1.7200E-10  2.7479E-10  6.1255E-10  1.0499E-09
Hg205  4.8972E-20  7.9833E-21  3.4757E-20  4.0692E-22  0.0000E+00  0.0000E+00  0.0000E+00  0.0000E+00  0.0000E+00
Tl203  3.9636E-10  4.5364E-10  6.9642E-10  9.3224E-10  6.0404E-11  3.9501E-10  6.3109E-10  1.4068E-09  2.4322E-09
Tl204  8.5624E-13  4.9982E-12  9.2584E-12  6.4693E-11  0.0000E+00  0.0000E+00  0.0000E+00  2.2805E-34  4.0526E-32
Tl205  9.3212E-10  1.0486E-09  1.4776E-09  1.9081E-09  1.4561E-10  9.5222E-10  1.5213E-09  3.3913E-09  5.8658E-09
Tl206  1.0579E-18  4.4085E-19  1.3646E-18  9.3913E-19  0.0000E+00  0.0000E+00  0.0000E+00  0.0000E+00  0.0000E+00
Pb204  2.2458E-10  2.9806E-10  4.7288E-10  7.0436E-10  2.9068E-11  1.9008E-10  3.0370E-10  6.7698E-10  1.1993E-09
Pb205  1.0916E-11  2.3762E-11  7.3454E-11  1.4308E-10  9.1289E-35  1.5459E-25  5.1781E-24  2.7804E-23  3.2718E-20
Pb206  1.8425E-09  2.2011E-09  3.2724E-09  4.5511E-09  2.7311E-10  1.7860E-09  2.8534E-09  6.3611E-09  1.1061E-08
Pb207  2.0069E-09  2.3185E-09  3.5046E-09  4.7700E-09  3.0371E-10  1.9860E-09  3.1731E-09  7.0733E-09  1.2254E-08
Pb208  5.7296E-09  6.5654E-09  9.6017E-09  1.2655E-08  8.7350E-10  5.7122E-09  9.1262E-09  2.0344E-08  3.5199E-08
Pb209  2.4794E-16  9.6451E-16  1.2393E-18  2.7232E-16  0.0000E+00  0.0000E+00  0.0000E+00  0.0000E+00  0.0000E+00
Bi208  1.5412E-11  4.0345E-11  3.8033E-11  7.8907E-11  0.0000E+00  0.0000E+00  0.0000E+00  0.0000E+00  0.0000E+00
Bi209  7.6379E-10  8.5704E-10  1.2004E-09  1.4396E-09  1.1845E-10  7.7461E-10  1.2375E-09  2.7588E-09  4.7603E-09
