#v=150 km/s  [Fe/H]=-1
Isotope 13MSun 15MSun 20MSun 25MSun 30MSun 40MSun 60MSun 80MSun 120MSun
H     4.7487E+00  5.2103E+00  6.2667E+00  7.8504E+00  2.6426E+00  1.1030E+01  1.5702E+01  1.8895E+01  2.5102E+01
H2    1.3661E-16  1.9334E-16  1.8215E-13  3.7153E-12  1.5827E-11  1.4717E-10  5.0735E-09  1.2683E-08  6.3079E-07
H3    2.5852E-28  1.8589E-23  1.2607E-17  1.1088E-15  6.8295E-15  1.4997E-13  8.2475E-13  2.8050E-12  5.9869E-12
He3   2.0270E-04  2.1302E-04  2.4872E-04  2.7272E-04  1.2453E-04  1.5489E-04  3.9354E-04  6.8745E-04  1.1437E-03
He4   3.9081E+00  4.4945E+00  5.9601E+00  7.4117E+00  1.4473E+00  7.5962E+00  1.6655E+01  2.1211E+01  4.9781E+01
Li6   2.4933E-13  4.4978E-13  1.1687E-12  2.2029E-12  3.4271E-12  5.5263E-12  2.9033E-12  4.8427E-12  9.8015E-12
Li7   3.7395E-10  7.0281E-10  6.2587E-11  2.4399E-10  7.6927E-11  1.3694E-09  4.5308E-08  1.8879E-08  1.9646E-10
Be7   9.3756E-14  1.9162E-12  2.7440E-10  3.6011E-13  7.6603E-15  5.9510E-14  4.5577E-09  2.0459E-08  8.3028E-12
Be9   6.8751E-14  1.2067E-13  3.2884E-13  6.3760E-13  9.6696E-13  1.6454E-12  7.5701E-13  1.1721E-12  2.4148E-12
Be10  9.2555E-60  1.0394E-59  1.0899E-59  1.3456E-59  0.0000E+00  0.0000E+00  0.0000E+00  0.0000E+00  0.0000E+00
B10   4.9898E-13  8.2670E-13  2.1930E-12  4.2306E-12  6.4060E-12  1.0956E-11  5.3050E-12  7.8249E-12  1.6039E-11
B11   2.1174E-10  2.2299E-10  2.5419E-10  2.8879E-10  2.0132E-10  2.8806E-10  3.4805E-10  4.1538E-10  1.0377E-09
C12   3.1511E-01  4.0634E-01  5.9515E-01  7.0492E-01  9.0237E-04  1.3427E-03  9.9931E-01  1.8329E+00  1.9157E+00
C13   3.0397E-04  6.4979E-04  7.8224E-04  3.7576E-04  6.1553E-05  1.3646E-04  1.5378E-03  1.7409E-03  6.3642E-04
C14   8.4018E-04  3.9140E-03  8.7319E-03  8.8715E-03  2.3175E-26  1.9792E-20  6.0869E-13  1.4415E-11  3.4360E-12
N13   3.6918E-14  3.6591E-13  3.0385E-13  1.2261E-11  0.0000E+00  0.0000E+00  3.0520E-14  5.5227E-14  2.7026E-14
N14   6.9286E-02  9.0315E-02  1.2276E-01  7.3949E-02  4.0883E-03  3.1046E-02  4.7701E-02  5.8050E-02  1.2196E-01
N15   3.4777E-04  1.8827E-03  5.3810E-03  2.3616E-03  2.6638E-07  8.4764E-07  1.3739E-06  1.7704E-06  3.8521E-06
N16   8.6942E-27  2.3000E-25  2.8559E-22  9.7248E-25  0.0000E+00  0.0000E+00  0.0000E+00  0.0000E+00  0.0000E+00
O15   4.5537E-17  8.4864E-17  4.5051E-17  2.0860E-16  0.0000E+00  2.1799E-40  2.0260E-15  4.3395E-15  4.5668E-15
O16   1.2382E+00  1.8853E+00  3.2962E+00  4.8261E+00  5.1833E-03  1.3297E-02  1.5950E-01  3.4108E-01  2.8997E-01
O17   1.6328E-04  4.1917E-04  7.1516E-04  5.4474E-04  2.7014E-06  1.2913E-05  1.6926E-05  1.5508E-05  1.8071E-05
O18   2.2510E-02  2.5289E-02  5.9970E-02  7.9759E-02  9.8091E-06  1.1556E-05  5.5207E-05  8.5765E-05  8.7813E-05
O19   2.1381E-21  2.0296E-21  4.7637E-20  4.1207E-21  0.0000E+00  0.0000E+00  0.0000E+00  0.0000E+00  0.0000E+00
F17   3.2666E-19  7.9235E-19  4.3591E-18  8.2953E-16  0.0000E+00  0.0000E+00  5.2852E-19  1.2568E-18  1.0320E-18
F18   2.5500E-07  1.0173E-06  2.2793E-06  4.0839E-07  0.0000E+00  0.0000E+00  1.1110E-19  2.7232E-19  1.2828E-18
F19   2.0877E-05  8.1049E-05  4.2554E-04  5.1246E-04  1.2022E-07  1.4827E-07  3.4042E-06  3.3955E-06  6.5345E-06
F20   4.1670E-21  7.2564E-22  6.2350E-19  2.5200E-20  0.0000E+00  0.0000E+00  0.0000E+00  0.0000E+00  0.0000E+00
Ne20  6.7900E-02  1.1237E-01  1.5092E-01  5.6652E-01  4.6225E-04  2.0581E-03  3.6008E-03  4.5685E-03  7.9225E-03
Ne21  2.7289E-04  3.8698E-04  5.9886E-04  8.8452E-04  1.4129E-06  4.2662E-06  8.4858E-06  1.4277E-05  1.2382E-05
Ne22  1.4279E-02  1.7837E-02  5.2713E-02  1.0740E-01  2.3360E-05  5.4766E-05  1.3106E-02  2.1140E-02  2.7430E-02
Ne23  1.2081E-15  8.5734E-16  1.3092E-16  1.3505E-14  0.0000E+00  0.0000E+00  0.0000E+00  0.0000E+00  0.0000E+00
Na21  1.2479E-14  1.2260E-14  6.2229E-17  1.7732E-14  0.0000E+00  0.0000E+00  0.0000E+00  0.0000E+00  0.0000E+00
Na22  5.8257E-07  5.8896E-07  1.0811E-06  2.2147E-06  0.0000E+00  0.0000E+00  2.7142E-18  8.8588E-18  1.0302E-17
Na23  7.6732E-04  1.2015E-03  1.5249E-03  4.6153E-03  4.5679E-05  3.1812E-04  6.5879E-04  8.5108E-04  1.9579E-03
Na24  2.0310E-07  2.0596E-06  3.0676E-06  2.2405E-06  0.0000E+00  0.0000E+00  0.0000E+00  0.0000E+00  0.0000E+00
Mg23  5.8342E-15  3.4304E-15  4.6738E-17  1.8815E-14  0.0000E+00  0.0000E+00  0.0000E+00  0.0000E+00  0.0000E+00
Mg24  1.4492E-02  3.4099E-02  5.7559E-02  1.2343E-01  4.0550E-04  1.8471E-03  3.3286E-03  4.1951E-03  7.6724E-03
Mg25  2.0253E-03  2.9375E-03  4.7877E-03  1.0044E-02  3.4765E-05  1.0545E-04  2.1626E-04  3.4330E-04  4.2322E-04
Mg26  1.9721E-03  2.9391E-03  4.8800E-03  1.2020E-02  6.9329E-05  3.2249E-04  4.4848E-04  5.4790E-04  6.5565E-04
Mg27  2.6509E-13  2.0227E-13  9.7491E-14  1.3587E-12  0.0000E+00  0.0000E+00  0.0000E+00  0.0000E+00  0.0000E+00
Al25  1.8937E-17  4.5637E-17  3.3182E-18  2.2320E-17  0.0000E+00  0.0000E+00  0.0000E+00  0.0000E+00  0.0000E+00
Al26  4.4688E-05  5.0130E-05  9.6660E-05  1.2579E-04  5.6831E-07  1.2076E-05  4.7530E-06  9.3811E-06  3.4668E-05
Alg6  1.0166E-06  1.0814E-06  1.3013E-06  1.9436E-06  5.6831E-07  1.2076E-05  4.7530E-06  9.3811E-06  3.4668E-05
Alm6  4.8622E-15  2.3126E-14  1.6451E-14  9.4731E-17  0.0000E+00  0.0000E+00  2.7842E-24  9.7461E-24  1.7961E-21
Al27  1.1030E-03  2.8918E-03  5.0043E-03  1.1371E-02  3.3952E-05  1.9421E-04  5.2072E-04  7.0589E-04  1.7018E-03
Al28  6.7332E-15  5.5954E-15  2.2694E-13  1.2452E-13  0.0000E+00  0.0000E+00  0.0000E+00  0.0000E+00  0.0000E+00
Si27  1.5215E-19  7.5533E-20  1.5666E-18  1.1406E-18  0.0000E+00  0.0000E+00  0.0000E+00  0.0000E+00  0.0000E+00
Si28  1.4216E-01  1.1028E-01  2.1672E-01  2.0886E-01  6.4877E-04  2.9548E-03  5.3195E-03  6.7134E-03  1.2251E-02
Si29  7.8410E-04  1.4941E-03  3.0571E-03  4.7650E-03  3.4112E-05  1.5533E-04  2.8089E-04  3.5704E-04  6.4581E-04
Si30  5.8152E-04  2.3294E-03  4.6582E-03  6.2876E-03  2.3269E-05  1.0598E-04  1.9324E-04  2.4643E-04  4.4691E-04
Si31  2.1720E-09  2.7712E-08  6.4157E-08  7.5592E-08  0.0000E+00  0.0000E+00  0.0000E+00  0.0000E+00  0.0000E+00
Si32  1.1906E-09  6.5981E-09  2.4016E-08  2.1860E-08  0.0000E+00  0.0000E+00  0.0000E+00  0.0000E+00  0.0000E+00
P29   1.2398E-19  1.1484E-19  4.2108E-21  2.9828E-19  0.0000E+00  0.0000E+00  0.0000E+00  0.0000E+00  0.0000E+00
P30   4.9765E-14  4.4049E-14  1.6912E-12  6.5130E-13  0.0000E+00  0.0000E+00  0.0000E+00  0.0000E+00  0.0000E+00
P31   4.3417E-04  5.5277E-04  1.2992E-03  1.5140E-03  2.4069E-06  1.0962E-05  2.1714E-05  2.8709E-05  5.0309E-05
P32   4.7522E-07  5.8331E-07  1.1943E-06  2.4531E-06  0.0000E+00  0.0000E+00  4.3433E-33  1.5420E-31  9.6655E-16
P33   3.8265E-07  3.5518E-07  7.0287E-07  7.2549E-07  0.0000E+00  0.0000E+00  0.0000E+00  0.0000E+00  3.8531E-16
P34   1.0241E-20  3.0028E-21  3.4566E-23  8.8142E-23  0.0000E+00  0.0000E+00  0.0000E+00  0.0000E+00  0.0000E+00
S31   1.0557E-25  3.2534E-26  5.8186E-22  2.0952E-22  0.0000E+00  0.0000E+00  0.0000E+00  0.0000E+00  0.0000E+00
S32   1.3344E-01  6.5569E-02  7.8820E-02  7.1862E-02  2.7076E-04  1.2330E-03  2.2072E-03  2.7752E-03  5.0738E-03
S33   1.0357E-03  3.0408E-04  7.6438E-04  7.3947E-04  2.2354E-06  1.0180E-05  2.7874E-05  4.3540E-05  6.7012E-05
S34   1.1383E-03  6.6263E-04  4.0532E-03  3.8048E-03  1.3000E-05  5.9203E-05  1.0749E-04  1.3696E-04  2.4783E-04
S35   1.3193E-06  4.9473E-07  1.1490E-06  2.3861E-06  0.0000E+00  0.0000E+00  6.3652E-32  1.2295E-30  5.7610E-16
S36   9.7200E-07  5.0441E-07  8.9909E-07  2.3615E-06  6.4175E-08  2.9224E-07  5.2536E-07  6.6265E-07  1.2085E-06
S37   3.8406E-19  1.8891E-19  2.4668E-20  1.4523E-18  0.0000E+00  0.0000E+00  0.0000E+00  0.0000E+00  0.0000E+00
Cl33  2.7725E-23  8.8426E-23  3.9774E-23  5.5987E-23  0.0000E+00  0.0000E+00  0.0000E+00  0.0000E+00  0.0000E+00
Cl34  3.3665E-24  2.0273E-24  7.3009E-26  1.7220E-24  0.0000E+00  0.0000E+00  0.0000E+00  0.0000E+00  0.0000E+00
Cl35  6.4849E-04  9.6407E-05  3.0573E-04  3.0382E-04  2.5331E-06  1.1535E-05  2.0347E-05  2.5385E-05  4.6717E-05
Cl36  5.9835E-06  1.0777E-06  2.0446E-06  2.8270E-06  1.8109E-18  1.1751E-14  2.2253E-07  4.7206E-07  6.0645E-07
Cl37  2.3583E-05  2.1383E-05  2.9871E-05  4.0021E-05  8.5585E-07  3.8976E-06  1.4308E-05  2.3342E-05  3.4422E-05
Cl38  1.6726E-12  1.3281E-11  3.8695E-11  2.7147E-12  0.0000E+00  0.0000E+00  0.0000E+00  0.0000E+00  0.0000E+00
Ar36  3.8211E-02  1.6672E-02  1.3648E-02  1.2885E-02  5.1723E-05  2.3554E-04  4.1639E-04  5.1997E-04  9.5611E-04
Ar37  2.4260E-04  1.7536E-05  5.0677E-05  4.3153E-05  6.8963E-26  2.5710E-24  5.5154E-24  6.2255E-23  1.5413E-15
Ar38  2.5391E-03  1.1641E-04  1.7744E-03  1.5672E-03  9.9264E-06  4.5203E-05  8.1047E-05  1.0219E-04  1.8653E-04
Ar39  1.4241E-06  7.8884E-07  1.2504E-06  1.3523E-06  5.2945E-33  5.6560E-29  7.6965E-26  1.5790E-25  9.0727E-16
Ar40  3.1080E-07  4.9181E-07  7.4426E-07  8.8681E-07  1.6712E-08  7.6104E-08  1.4397E-07  1.9301E-07  3.5321E-07
Ar41  5.6541E-12  8.8928E-11  3.6853E-10  7.5450E-11  0.0000E+00  0.0000E+00  0.0000E+00  0.0000E+00  0.0000E+00
K37   1.5058E-31  1.0265E-30  5.8461E-31  6.8804E-32  0.0000E+00  0.0000E+00  0.0000E+00  0.0000E+00  0.0000E+00
K38   2.2392E-17  3.5588E-16  7.0651E-14  5.3866E-15  0.0000E+00  0.0000E+00  0.0000E+00  0.0000E+00  0.0000E+00
K39   1.3544E-03  4.8252E-05  1.8081E-04  1.6510E-04  1.1754E-06  5.3527E-06  9.9168E-06  1.2710E-05  2.2873E-05
K40   3.0777E-06  5.5149E-07  8.4866E-07  1.4838E-06  1.8965E-09  8.6404E-09  2.0079E-07  3.8577E-07  4.8954E-07
K41   1.4532E-06  1.0013E-06  1.4754E-06  2.4262E-06  8.9175E-08  4.0609E-07  7.8850E-07  1.0508E-06  1.8208E-06
K42   9.2106E-09  2.6465E-08  7.5926E-08  3.9298E-08  0.0000E+00  0.0000E+00  0.0000E+00  0.0000E+00  0.0000E+00
Ca40  4.5684E-02  1.9508E-02  1.1684E-02  1.1654E-02  5.7356E-05  2.6121E-04  4.6414E-04  5.8130E-04  1.0663E-03
Ca41  3.4127E-04  8.5404E-06  1.5326E-05  1.4221E-05  8.1761E-17  3.2728E-13  3.8182E-06  7.1827E-06  9.3780E-06
Ca42  2.0353E-04  1.0202E-05  6.2867E-05  6.0264E-05  4.0196E-07  1.8305E-06  4.9166E-06  7.7685E-06  1.1949E-05
Ca43  3.8070E-06  2.1418E-06  2.9361E-06  4.2795E-06  8.5868E-08  3.9103E-07  8.8500E-07  1.3481E-06  2.1318E-06
Ca44  8.9773E-06  1.2075E-05  1.7168E-05  2.5802E-05  1.3576E-06  6.1827E-06  1.1136E-05  1.4167E-05  2.5663E-05
Ca45  4.4627E-07  3.8610E-07  5.9758E-07  9.3222E-07  0.0000E+00  0.0000E+00  3.2921E-31  6.4277E-30  1.7981E-15
Ca46  2.4889E-07  1.4086E-07  3.8695E-07  3.2586E-07  2.7217E-09  1.2395E-08  2.2079E-08  2.7721E-08  5.0823E-08
Ca47  1.1809E-08  4.0787E-09  9.2802E-09  5.8308E-09  0.0000E+00  0.0000E+00  1.2179E-35  1.5979E-34  6.3455E-17
Ca48  3.1828E-07  3.6466E-07  4.6873E-07  6.0861E-07  1.3277E-07  6.0463E-07  1.0855E-06  1.3679E-06  2.4964E-06
Ca49  3.9337E-18  3.1277E-18  9.1062E-19  2.6950E-17  0.0000E+00  0.0000E+00  0.0000E+00  0.0000E+00  0.0000E+00
Sc41  9.8406E-45  9.3164E-44  1.1941E-44  1.3424E-45  0.0000E+00  0.0000E+00  0.0000E+00  0.0000E+00  0.0000E+00
Sc42  1.0036E-37  3.7808E-38  3.8405E-39  2.1222E-39  0.0000E+00  0.0000E+00  0.0000E+00  0.0000E+00  0.0000E+00
Sc43  2.4467E-07  2.4934E-08  2.9910E-08  4.1981E-08  0.0000E+00  0.0000E+00  0.0000E+00  0.0000E+00  0.0000E+00
Sc44  2.7187E-07  3.4804E-09  7.5200E-09  8.4039E-09  0.0000E+00  0.0000E+00  0.0000E+00  0.0000E+00  0.0000E+00
Sc45  5.8551E-06  1.7507E-06  2.5228E-06  3.9939E-06  1.9197E-08  8.7423E-08  2.3705E-07  3.5517E-07  5.5747E-07
Sc46  8.6621E-08  1.6919E-07  2.7754E-07  4.5229E-07  0.0000E+00  0.0000E+00  6.4508E-32  6.5282E-30  9.4522E-17
Sc47  3.9089E-08  5.3145E-08  8.2382E-08  9.6015E-08  0.0000E+00  0.0000E+00  9.2848E-36  1.2179E-34  1.3140E-16
Sc48  3.1215E-09  6.8351E-09  2.2621E-08  1.2717E-08  0.0000E+00  0.0000E+00  0.0000E+00  0.0000E+00  0.0000E+00
Sc49  3.3528E-13  4.1777E-12  2.1061E-11  4.5960E-12  0.0000E+00  0.0000E+00  0.0000E+00  0.0000E+00  0.0000E+00
Ti44  6.8634E-05  3.4916E-05  3.9367E-05  5.6126E-05  0.0000E+00  0.0000E+00  0.0000E+00  0.0000E+00  0.0000E+00
Ti45  1.1805E-06  1.3227E-07  1.0991E-07  1.0859E-07  0.0000E+00  0.0000E+00  0.0000E+00  0.0000E+00  0.0000E+00
Ti46  1.1127E-04  6.3764E-06  3.2630E-05  3.3680E-05  2.0382E-07  9.2817E-07  1.7026E-06  2.1890E-06  3.9355E-06
Ti47  5.6847E-06  2.2441E-06  3.5783E-06  5.6330E-06  1.8780E-07  8.5522E-07  1.4667E-06  1.8180E-06  3.3717E-06
Ti48  6.1598E-06  6.5020E-06  9.2122E-06  1.3791E-05  1.9004E-06  8.6544E-06  1.4903E-05  1.8359E-05  3.4154E-05
Ti49  1.4929E-06  2.5302E-06  4.2769E-06  7.8006E-06  1.4237E-07  6.4835E-07  1.7528E-06  2.5354E-06  4.0941E-06
Ti50  2.9001E-06  5.2068E-06  9.6157E-06  2.0177E-05  1.3910E-07  6.3344E-07  1.3822E-06  1.9772E-06  3.2745E-06
Ti51  1.7296E-15  1.2395E-15  2.4849E-16  1.0853E-14  0.0000E+00  0.0000E+00  0.0000E+00  0.0000E+00  0.0000E+00
V45   3.7705E-50  1.0692E-50  2.7325E-51  3.7044E-51  0.0000E+00  0.0000E+00  0.0000E+00  0.0000E+00  0.0000E+00
V46   8.0059E-55  4.4513E-56  3.2101E-50  9.2051E-52  0.0000E+00  0.0000E+00  0.0000E+00  0.0000E+00  0.0000E+00
V47   3.3068E-10  1.0948E-10  1.5062E-10  2.0187E-10  0.0000E+00  0.0000E+00  0.0000E+00  0.0000E+00  0.0000E+00
V48   1.3645E-06  4.8752E-08  1.2493E-07  1.2733E-07  0.0000E+00  0.0000E+00  0.0000E+00  0.0000E+00  0.0000E+00
V49   6.9037E-06  4.2136E-06  3.4863E-06  3.7411E-06  0.0000E+00  0.0000E+00  0.0000E+00  0.0000E+00  0.0000E+00
V50   6.2343E-08  7.7940E-08  1.5866E-07  2.6651E-07  3.2132E-10  1.4633E-09  2.4644E-09  3.0127E-09  5.6504E-09
V51   7.2414E-07  8.3163E-07  1.5448E-06  2.8826E-06  1.3077E-07  5.9551E-07  1.0855E-06  1.3666E-06  2.4813E-06
V52   7.4207E-16  4.8238E-16  8.6527E-16  3.4592E-15  0.0000E+00  0.0000E+00  0.0000E+00  0.0000E+00  0.0000E+00
Cr48  8.1294E-05  8.6910E-05  9.9779E-05  1.2294E-04  0.0000E+00  0.0000E+00  0.0000E+00  0.0000E+00  0.0000E+00
Cr49  8.9876E-09  7.9789E-09  5.7284E-09  5.7128E-09  0.0000E+00  0.0000E+00  0.0000E+00  0.0000E+00  0.0000E+00
Cr50  1.5788E-04  3.5841E-05  4.7331E-05  4.5638E-05  2.8641E-07  1.3043E-06  2.1917E-06  2.6780E-06  5.0254E-06
Cr51  1.3691E-05  6.8391E-06  5.7563E-06  5.8269E-06  1.0185E-26  2.3342E-25  1.6790E-24  2.7725E-23  1.0330E-18
Cr52  2.2311E-05  1.7137E-05  2.8244E-05  3.5637E-05  5.7442E-06  2.6158E-05  4.6649E-05  5.8495E-05  1.0719E-04
Cr53  1.5341E-06  1.7241E-06  2.2951E-06  3.2431E-06  6.6387E-07  3.0231E-06  5.2876E-06  6.6197E-06  1.2166E-05
Cr54  1.4875E-06  2.0565E-06  2.9332E-06  4.5458E-06  1.6836E-07  7.6672E-07  2.0117E-06  2.9816E-06  4.7515E-06
Cr55  3.7497E-16  2.4790E-16  2.6056E-17  2.1530E-15  0.0000E+00  0.0000E+00  0.0000E+00  0.0000E+00  0.0000E+00
Mn50  9.2555E-60  1.0394E-59  1.1125E-58  1.4192E-59  0.0000E+00  0.0000E+00  0.0000E+00  0.0000E+00  0.0000E+00
Mn51  1.2931E-08  1.6770E-08  9.5430E-09  9.3723E-09  0.0000E+00  0.0000E+00  0.0000E+00  0.0000E+00  0.0000E+00
Mn52  1.5342E-04  1.7405E-04  1.7101E-04  1.6894E-04  0.0000E+00  0.0000E+00  0.0000E+00  0.0000E+00  0.0000E+00
Mn53  5.7341E-05  6.2635E-05  4.9329E-05  4.9822E-05  0.0000E+00  0.0000E+00  0.0000E+00  0.0000E+00  0.0000E+00
Mn54  2.1651E-07  7.7641E-08  1.9721E-07  2.5733E-07  0.0000E+00  0.0000E+00  0.0000E+00  0.0000E+00  0.0000E+00
Mn55  1.0140E-05  1.0682E-05  1.3573E-05  1.7243E-05  4.4706E-06  2.0360E-05  4.0651E-05  5.2768E-05  9.2589E-05
Mn56  6.3361E-10  3.0339E-09  6.0726E-09  3.9873E-09  0.0000E+00  0.0000E+00  0.0000E+00  0.0000E+00  0.0000E+00
Mn57  1.4836E-22  6.7660E-23  3.6605E-20  4.8771E-21  0.0000E+00  0.0000E+00  0.0000E+00  0.0000E+00  0.0000E+00
Fe52  4.5668E-04  5.2432E-04  5.1719E-04  5.1009E-04  0.0000E+00  0.0000E+00  0.0000E+00  0.0000E+00  0.0000E+00
Fe53  6.2235E-19  4.1511E-16  4.4343E-14  7.2786E-15  0.0000E+00  0.0000E+00  0.0000E+00  0.0000E+00  0.0000E+00
Fe54  2.6195E-03  4.3928E-03  1.6393E-03  1.8022E-03  3.0144E-05  1.3727E-04  2.3411E-04  2.8760E-04  5.3669E-04
Fe55  1.2238E-04  8.0302E-05  5.3981E-05  5.5224E-05  2.4765E-17  9.8790E-20  6.5594E-12  8.9767E-10  8.4064E-11
Fe56  1.1812E-03  1.1895E-03  1.5405E-03  1.9159E-03  4.9072E-04  2.2347E-03  3.9741E-03  4.9741E-03  9.1291E-03
Fe57  4.0425E-05  4.3909E-05  5.5256E-05  6.6729E-05  1.1535E-05  5.2531E-05  1.2282E-04  1.7439E-04  2.8733E-04
Fe58  4.9276E-05  6.7526E-05  8.4017E-05  9.9859E-05  1.5621E-06  7.1135E-06  3.5903E-05  6.7872E-05  9.1515E-05
Fe59  3.0222E-06  2.4725E-06  3.0615E-06  2.5447E-06  0.0000E+00  0.0000E+00  5.2949E-31  1.6507E-28  1.6293E-14
Fe60  1.8308E-06  7.3010E-07  2.1753E-06  1.0449E-06  1.8151E-24  3.9189E-18  6.9865E-11  3.7342E-10  7.2792E-10
Fe61  2.3998E-16  5.0763E-17  4.9244E-18  2.6917E-18  0.0000E+00  0.0000E+00  0.0000E+00  0.0000E+00  0.0000E+00
Co54  9.2555E-60  1.0394E-59  1.0899E-59  1.3456E-59  0.0000E+00  0.0000E+00  0.0000E+00  0.0000E+00  0.0000E+00
Co55  1.6660E-04  2.3692E-04  1.4057E-04  1.4548E-04  0.0000E+00  0.0000E+00  0.0000E+00  0.0000E+00  0.0000E+00
Co56  3.7997E-06  4.0355E-06  1.5565E-06  1.8690E-06  0.0000E+00  0.0000E+00  0.0000E+00  0.0000E+00  0.0000E+00
Co57  1.3970E-04  1.1845E-04  1.2670E-04  1.3428E-04  0.0000E+00  0.0000E+00  0.0000E+00  0.0000E+00  0.0000E+00
Co58  7.5017E-07  2.0723E-07  2.6655E-07  2.3454E-07  0.0000E+00  0.0000E+00  0.0000E+00  0.0000E+00  0.0000E+00
Co59  1.7066E-05  2.6446E-05  3.3914E-05  4.4318E-05  1.7413E-06  7.9299E-06  1.6189E-05  2.3296E-05  3.8496E-05
Co60  7.9848E-07  1.4965E-06  1.5195E-06  1.5279E-06  3.5080E-30  7.5614E-24  1.2750E-16  6.7948E-16  3.5414E-15
Co61  1.0590E-09  2.5982E-08  5.0337E-08  2.1167E-08  0.0000E+00  0.0000E+00  0.0000E+00  0.0000E+00  0.0000E+00
Ni56  7.0000E-02  7.0000E-02  7.0000E-02  7.0000E-02  0.0000E+00  0.0000E+00  0.0000E+00  0.0000E+00  0.0000E+00
Ni57  2.3620E-03  2.1925E-03  2.3780E-03  2.5144E-03  0.0000E+00  0.0000E+00  0.0000E+00  0.0000E+00  0.0000E+00
Ni58  4.3679E-03  4.8409E-03  4.3865E-03  4.1737E-03  1.9790E-05  9.0124E-05  1.5482E-04  1.9029E-04  3.5471E-04
Ni59  1.4883E-04  1.1061E-04  1.2583E-04  1.3335E-04  9.1928E-17  2.5009E-13  2.7815E-06  4.6579E-06  6.2239E-06
Ni60  1.6123E-03  1.4531E-03  1.5704E-03  1.8093E-03  7.8860E-06  3.5913E-05  6.6363E-05  8.5977E-05  1.5373E-04
Ni61  5.0831E-05  4.8639E-05  5.3643E-05  6.4130E-05  3.4851E-07  1.5871E-06  4.7624E-06  7.3696E-06  1.1299E-05
Ni62  3.8026E-05  5.9770E-05  8.6512E-05  1.0765E-04  1.1294E-06  5.1434E-06  1.1001E-05  1.5680E-05  2.6045E-05
Ni63  4.8284E-06  9.0802E-06  1.3078E-05  1.5745E-05  2.2431E-35  7.7979E-31  4.8615E-26  2.3886E-25  1.1837E-14
Ni64  1.6193E-05  3.1125E-05  5.0493E-05  7.7626E-05  2.9691E-07  1.3521E-06  2.6070E-06  3.5151E-06  6.1242E-06
Ni65  2.9286E-09  5.7895E-08  1.9846E-07  1.8830E-08  0.0000E+00  0.0000E+00  0.0000E+00  0.0000E+00  0.0000E+00
Cu57  9.2555E-60  1.0394E-59  1.0899E-59  1.3456E-59  0.0000E+00  0.0000E+00  0.0000E+00  0.0000E+00  0.0000E+00
Cu58  6.0033E-43  1.4682E-43  9.5021E-38  7.4241E-38  0.0000E+00  0.0000E+00  0.0000E+00  0.0000E+00  0.0000E+00
Cu59  4.7326E-21  1.3416E-21  9.9964E-22  3.7068E-20  0.0000E+00  0.0000E+00  0.0000E+00  0.0000E+00  0.0000E+00
Cu60  3.2186E-08  2.9732E-08  3.1843E-08  3.6880E-08  0.0000E+00  0.0000E+00  0.0000E+00  0.0000E+00  0.0000E+00
Cu61  3.3702E-05  2.8144E-05  2.9180E-05  3.3675E-05  0.0000E+00  0.0000E+00  0.0000E+00  0.0000E+00  0.0000E+00
Cu62  4.5292E-07  3.8505E-07  3.7460E-07  3.9697E-07  0.0000E+00  0.0000E+00  0.0000E+00  0.0000E+00  0.0000E+00
Cu63  8.8220E-06  1.2651E-05  1.8534E-05  2.4853E-05  2.0384E-07  9.2826E-07  2.3786E-06  3.6650E-06  5.7269E-06
Cu64  2.3611E-07  6.4509E-07  1.1390E-06  9.5600E-07  0.0000E+00  0.0000E+00  6.3702E-33  8.1077E-31  1.0637E-16
Cu65  9.8027E-06  1.9294E-05  3.1229E-05  5.3814E-05  9.3737E-08  4.2686E-07  1.0485E-06  1.5799E-06  2.4340E-06
Cu66  2.4378E-14  2.0286E-14  8.0050E-15  2.9469E-13  0.0000E+00  0.0000E+00  0.0000E+00  0.0000E+00  0.0000E+00
Zn60  6.2428E-25  6.4409E-25  1.4380E-23  1.3108E-24  0.0000E+00  0.0000E+00  0.0000E+00  0.0000E+00  0.0000E+00
Zn61  2.6016E-29  2.1245E-27  6.1893E-23  7.6593E-25  0.0000E+00  0.0000E+00  0.0000E+00  0.0000E+00  0.0000E+00
Zn62  6.2910E-04  5.2004E-04  5.9543E-04  6.0923E-04  0.0000E+00  0.0000E+00  0.0000E+00  0.0000E+00  0.0000E+00
Zn63  2.7919E-09  1.6756E-09  1.7113E-09  2.1928E-09  0.0000E+00  0.0000E+00  0.0000E+00  0.0000E+00  0.0000E+00
Zn64  3.2472E-05  1.9371E-05  2.1084E-05  2.9383E-05  3.4128E-07  1.5542E-06  2.8960E-06  3.8190E-06  6.7083E-06
Zn65  1.3821E-06  2.0472E-06  3.0372E-06  3.4959E-06  2.7569E-31  4.7438E-28  1.8247E-27  1.3437E-26  4.1016E-16
Zn66  1.4162E-05  2.9060E-05  5.3594E-05  7.3695E-05  2.0192E-07  9.1952E-07  1.6800E-06  2.1781E-06  3.8915E-06
Zn67  2.1445E-06  4.2481E-06  7.2304E-06  1.5655E-05  3.0122E-08  1.3717E-07  2.6191E-07  3.4588E-07  6.0801E-07
Zn68  1.1804E-05  2.6369E-05  4.9945E-05  9.5665E-05  1.3981E-07  6.3669E-07  1.1967E-06  1.5652E-06  2.7783E-06
Zn69  3.1423E-10  3.8891E-09  1.2859E-08  5.1983E-09  0.0000E+00  0.0000E+00  0.0000E+00  0.0000E+00  0.0000E+00
Zn70  6.3223E-08  6.8156E-07  2.4771E-06  9.4836E-07  4.7591E-09  2.1672E-08  3.7678E-08  4.6634E-08  8.6421E-08
Zn71  2.6115E-21  1.6442E-21  5.1643E-21  1.8521E-20  0.0000E+00  0.0000E+00  0.0000E+00  0.0000E+00  0.0000E+00
Ga62  9.2555E-60  1.0394E-59  1.0899E-59  1.3456E-59  0.0000E+00  0.0000E+00  0.0000E+00  0.0000E+00  0.0000E+00
Ga63  5.0969E-35  4.4221E-36  5.7073E-32  9.3353E-33  0.0000E+00  0.0000E+00  0.0000E+00  0.0000E+00  0.0000E+00
Ga64  2.9960E-33  3.0451E-28  5.4801E-24  7.5551E-27  0.0000E+00  0.0000E+00  0.0000E+00  0.0000E+00  0.0000E+00
Ga65  1.2764E-13  1.0653E-13  1.1401E-13  1.4053E-13  0.0000E+00  0.0000E+00  0.0000E+00  0.0000E+00  0.0000E+00
Ga66  6.8042E-06  5.1535E-06  5.6127E-06  5.9237E-06  0.0000E+00  0.0000E+00  0.0000E+00  0.0000E+00  0.0000E+00
Ga67  1.0424E-07  9.0676E-08  1.6980E-07  1.7563E-07  0.0000E+00  0.0000E+00  0.0000E+00  0.0000E+00  0.0000E+00
Ga68  3.8411E-10  4.7620E-10  9.9749E-10  1.0378E-09  0.0000E+00  0.0000E+00  0.0000E+00  0.0000E+00  0.0000E+00
Ga69  2.0267E-06  5.1273E-06  1.0532E-05  1.6846E-05  1.3734E-08  6.2544E-08  1.2506E-07  1.6701E-07  2.9058E-07
Ga70  3.7774E-13  1.6874E-12  1.4141E-11  8.3049E-12  0.0000E+00  0.0000E+00  0.0000E+00  0.0000E+00  0.0000E+00
Ga71  9.7724E-07  3.3949E-06  7.6278E-06  1.1905E-05  9.3795E-09  4.2713E-08  8.6561E-08  1.1716E-07  2.0184E-07
Ga72  2.4332E-08  2.7758E-07  1.0284E-06  3.3589E-07  0.0000E+00  0.0000E+00  0.0000E+00  0.0000E+00  0.0000E+00
Ge64  1.4390E-43  5.5660E-38  3.2344E-32  9.2454E-35  0.0000E+00  0.0000E+00  0.0000E+00  0.0000E+00  0.0000E+00
Ge65  5.7080E-44  1.8017E-40  1.2411E-35  2.2961E-36  0.0000E+00  0.0000E+00  0.0000E+00  0.0000E+00  0.0000E+00
Ge66  1.3329E-06  1.0099E-06  1.1005E-06  1.1617E-06  0.0000E+00  0.0000E+00  0.0000E+00  0.0000E+00  0.0000E+00
Ge67  6.8630E-15  4.3913E-15  6.7010E-15  7.8754E-15  0.0000E+00  0.0000E+00  0.0000E+00  0.0000E+00  0.0000E+00
Ge68  6.9299E-07  1.0987E-07  9.8371E-08  9.8122E-08  0.0000E+00  0.0000E+00  0.0000E+00  0.0000E+00  0.0000E+00
Ge69  1.9660E-08  1.4019E-08  2.6519E-08  2.5769E-08  0.0000E+00  0.0000E+00  0.0000E+00  0.0000E+00  0.0000E+00
Ge70  3.6897E-06  8.5716E-06  1.7826E-05  2.7155E-05  1.9680E-08  8.9620E-08  1.7646E-07  2.3467E-07  4.1043E-07
Ge71  3.6063E-07  6.0536E-07  1.1865E-06  2.9774E-06  0.0000E+00  0.0000E+00  6.5856E-33  2.5480E-31  1.1677E-15
Ge72  2.8703E-06  7.0827E-06  1.5262E-05  2.8807E-05  2.6750E-08  1.2182E-07  2.2249E-07  2.8681E-07  5.1486E-07
Ge73  8.0565E-07  1.6018E-06  3.1065E-06  8.5296E-06  7.6123E-09  3.4667E-08  6.2882E-08  8.0759E-08  1.4535E-07
Ge74  3.9780E-06  8.6799E-06  1.8499E-05  4.1928E-05  3.6218E-08  1.6493E-07  3.0384E-07  3.9071E-07  7.0107E-07
Ge75  2.8561E-10  3.4928E-09  1.4079E-08  1.2281E-08  0.0000E+00  0.0000E+00  0.0000E+00  0.0000E+00  0.0000E+00
Ge76  6.0986E-08  3.9825E-07  1.5580E-06  1.1685E-06  7.8023E-09  3.5530E-08  6.1713E-08  7.6350E-08  1.4153E-07
Ge77  1.4309E-10  3.0974E-08  3.0790E-07  4.5081E-09  0.0000E+00  0.0000E+00  0.0000E+00  0.0000E+00  0.0000E+00
As71  1.2424E-09  7.3857E-10  1.7170E-09  1.8257E-09  0.0000E+00  0.0000E+00  0.0000E+00  0.0000E+00  0.0000E+00
As72  1.6849E-09  1.8937E-09  4.2342E-09  3.9426E-09  0.0000E+00  0.0000E+00  0.0000E+00  0.0000E+00  0.0000E+00
As73  6.7928E-08  1.0805E-07  2.6453E-07  3.3667E-07  0.0000E+00  0.0000E+00  0.0000E+00  0.0000E+00  0.0000E+00
As74  7.6884E-09  2.4281E-08  6.4408E-08  9.0878E-08  0.0000E+00  0.0000E+00  0.0000E+00  0.0000E+00  0.0000E+00
As75  5.8599E-07  2.0108E-06  5.2525E-06  9.1133E-06  4.5195E-09  2.0581E-08  3.6942E-08  4.6986E-08  8.5270E-08
As76  4.3243E-08  6.9006E-08  1.9259E-07  1.0426E-06  0.0000E+00  0.0000E+00  0.0000E+00  0.0000E+00  0.0000E+00
As77  1.6126E-07  3.2665E-07  1.1001E-06  2.7270E-06  0.0000E+00  0.0000E+00  0.0000E+00  0.0000E+00  0.0000E+00
Se74  3.3155E-07  5.7988E-07  2.1184E-06  2.5390E-06  4.3517E-10  1.9817E-09  3.2168E-09  3.9058E-09  7.4263E-09
Se75  3.9077E-08  8.1035E-08  2.3664E-07  2.7747E-07  0.0000E+00  0.0000E+00  4.9085E-33  8.7541E-33  9.3246E-24
Se76  9.5755E-07  2.7935E-06  7.7046E-06  1.2186E-05  4.7053E-09  2.1427E-08  4.2748E-08  5.6520E-08  9.8556E-08
Se77  3.6298E-07  6.4892E-07  1.2984E-06  3.4283E-06  3.8819E-09  1.7678E-08  3.1941E-08  4.0685E-08  7.3785E-08
Se78  2.0029E-06  4.0330E-06  8.6946E-06  2.1257E-05  1.2250E-08  5.5788E-08  1.0810E-07  1.4195E-07  2.5025E-07
Se79  3.0313E-07  5.9648E-07  1.2955E-06  3.9596E-06  1.1680E-21  6.0837E-22  4.5154E-14  1.1883E-12  5.3499E-14
Se80  1.4817E-06  2.9583E-06  6.3043E-06  1.4962E-05  2.6223E-08  1.1942E-07  2.0480E-07  2.5184E-07  4.7152E-07
Se81  3.9707E-14  2.4397E-14  1.5624E-13  7.4640E-14  0.0000E+00  0.0000E+00  0.0000E+00  0.0000E+00  0.0000E+00
Se82  1.5524E-08  2.2970E-07  9.2191E-07  1.0173E-06  4.7299E-09  2.1539E-08  3.8054E-08  4.7503E-08  8.7380E-08
Se83  6.8092E-17  3.1653E-14  4.6790E-13  1.7951E-14  0.0000E+00  0.0000E+00  0.0000E+00  0.0000E+00  0.0000E+00
Br75  6.1142E-13  3.0384E-13  6.3880E-13  4.5626E-13  0.0000E+00  0.0000E+00  0.0000E+00  0.0000E+00  0.0000E+00
Br76  2.6675E-10  1.4718E-10  3.8348E-10  4.0641E-10  0.0000E+00  0.0000E+00  0.0000E+00  0.0000E+00  0.0000E+00
Br77  5.8335E-09  6.4249E-09  1.8008E-08  1.9174E-08  0.0000E+00  0.0000E+00  0.0000E+00  0.0000E+00  0.0000E+00
Br78  2.7535E-18  5.2770E-17  2.2357E-14  2.9761E-16  0.0000E+00  0.0000E+00  0.0000E+00  0.0000E+00  0.0000E+00
Br79  1.2248E-07  2.7139E-07  7.4753E-07  1.4759E-06  4.1937E-09  1.9097E-08  3.2441E-08  4.0433E-08  7.5207E-08
Br80  6.8426E-14  4.1289E-13  1.2342E-11  9.0560E-13  0.0000E+00  0.0000E+00  0.0000E+00  0.0000E+00  0.0000E+00
Br81  2.8846E-07  8.0424E-07  2.0870E-06  4.0525E-06  4.1826E-09  1.9047E-08  3.3776E-08  4.1811E-08  7.7370E-08
Br82  9.0080E-09  2.5560E-08  8.9194E-08  3.5415E-07  0.0000E+00  0.0000E+00  0.0000E+00  0.0000E+00  0.0000E+00
Br83  9.9919E-10  3.0132E-08  1.2578E-07  1.8671E-07  0.0000E+00  0.0000E+00  0.0000E+00  0.0000E+00  0.0000E+00
Kr78  3.7060E-08  5.6905E-08  1.6883E-07  2.2431E-07  1.5164E-10  6.9058E-10  1.1213E-09  1.3610E-09  2.5881E-09
Kr79  3.2724E-09  1.9539E-09  9.6428E-09  1.2481E-08  0.0000E+00  0.0000E+00  0.0000E+00  0.0000E+00  0.0000E+00
Kr80  2.0446E-07  4.8527E-07  1.8172E-06  3.4941E-06  9.9937E-10  4.5510E-09  1.1180E-08  1.5737E-08  2.5652E-08
Kr81  5.5381E-08  1.2500E-07  2.9073E-07  6.7918E-07  1.8178E-20  7.4231E-17  1.2912E-09  2.5029E-09  3.0969E-09
Kr82  9.1713E-07  1.7496E-06  3.9774E-06  8.5813E-06  5.1329E-09  2.3374E-08  5.2072E-08  7.1674E-08  1.1989E-07
Kr83  3.7291E-07  7.9067E-07  2.0100E-06  4.8803E-06  5.1468E-09  2.3438E-08  4.2079E-08  5.3857E-08  9.7358E-08
Kr84  1.8019E-06  3.2199E-06  7.6693E-06  2.1726E-05  2.5671E-08  1.1690E-07  2.0941E-07  2.6584E-07  4.8217E-07
Kr85  4.4907E-07  6.7155E-07  1.3040E-06  3.6229E-06  0.0000E+00  0.0000E+00  3.5786E-30  4.6910E-29  1.0177E-15
Kr86  1.1463E-06  1.6096E-06  3.4309E-06  7.1682E-06  7.9479E-09  3.6194E-08  6.4848E-08  8.1729E-08  1.4945E-07
Kr87  3.9705E-13  2.6428E-11  3.1629E-10  1.8325E-11  0.0000E+00  0.0000E+00  0.0000E+00  0.0000E+00  0.0000E+00
Rb79  6.0394E-19  4.5459E-18  7.8736E-17  4.1890E-17  0.0000E+00  0.0000E+00  0.0000E+00  0.0000E+00  0.0000E+00
Rb80  3.4141E-31  1.6736E-26  6.2225E-22  2.6786E-22  0.0000E+00  0.0000E+00  0.0000E+00  0.0000E+00  0.0000E+00
Rb81  3.7485E-11  1.6850E-11  3.8805E-11  3.6735E-11  0.0000E+00  0.0000E+00  0.0000E+00  0.0000E+00  0.0000E+00
Rb82  4.5283E-11  1.8442E-11  6.0184E-11  6.4024E-11  0.0000E+00  0.0000E+00  0.0000E+00  0.0000E+00  0.0000E+00
Rb83  5.6089E-09  4.9362E-09  1.8950E-08  2.5592E-08  0.0000E+00  0.0000E+00  0.0000E+00  0.0000E+00  0.0000E+00
Rb84  7.0504E-10  6.9527E-10  2.6896E-09  3.4252E-09  0.0000E+00  0.0000E+00  0.0000E+00  0.0000E+00  0.0000E+00
Rb85  1.9055E-07  4.7831E-07  1.5104E-06  3.8657E-06  6.0220E-09  2.7425E-08  4.8302E-08  6.0678E-08  1.1112E-07
Rb86  5.8905E-08  1.2429E-07  3.9703E-07  9.2730E-07  0.0000E+00  0.0000E+00  1.1382E-32  1.6378E-31  1.6570E-16
Rb87  4.3897E-07  7.2401E-07  2.2936E-06  5.7228E-06  2.5365E-09  1.1551E-08  2.0523E-08  2.5740E-08  4.7197E-08
Rb88  3.5440E-15  3.1798E-15  2.8243E-14  6.0568E-15  0.0000E+00  0.0000E+00  0.0000E+00  0.0000E+00  0.0000E+00
Sr84  3.8537E-08  6.5084E-08  3.5172E-07  5.4272E-07  1.0494E-10  4.7789E-10  7.7485E-10  9.4095E-10  1.7898E-09
Sr85  4.0310E-09  1.3997E-09  1.9505E-08  3.1851E-08  0.0000E+00  0.0000E+00  6.6955E-34  1.1763E-33  1.2409E-24
Sr86  3.4852E-07  8.5581E-07  2.7647E-06  7.0742E-06  1.8999E-09  8.6522E-09  2.4686E-08  3.6343E-08  5.7299E-08
Sr87  2.2172E-07  5.8390E-07  1.6702E-06  4.6503E-06  1.3434E-09  6.1178E-09  1.5135E-08  2.2011E-08  3.5739E-08
Sr88  1.9516E-06  4.3346E-06  1.2567E-05  3.7105E-05  1.6289E-08  7.4179E-08  1.4018E-07  1.8369E-07  3.2483E-07
Sr89  1.2636E-07  1.4204E-07  3.0878E-07  1.0994E-06  0.0000E+00  0.0000E+00  1.3067E-33  4.1158E-32  6.1784E-16
Sr90  6.0815E-08  3.6081E-08  7.6926E-08  3.4883E-07  0.0000E+00  0.0000E+00  0.0000E+00  0.0000E+00  2.6258E-16
Sr91  1.3953E-11  3.9679E-10  7.5024E-09  4.0336E-10  0.0000E+00  0.0000E+00  0.0000E+00  0.0000E+00  0.0000E+00
Y85   7.4962E-13  5.0694E-12  3.3622E-13  3.9387E-13  0.0000E+00  0.0000E+00  0.0000E+00  0.0000E+00  0.0000E+00
Y86   1.3790E-11  1.0631E-12  3.1489E-12  4.0872E-12  0.0000E+00  0.0000E+00  0.0000E+00  0.0000E+00  0.0000E+00
Y87   7.3939E-10  4.7587E-10  9.3256E-10  1.3393E-09  0.0000E+00  0.0000E+00  0.0000E+00  0.0000E+00  0.0000E+00
Y88   9.7381E-10  3.8682E-10  2.0498E-09  3.3203E-09  0.0000E+00  0.0000E+00  0.0000E+00  0.0000E+00  0.0000E+00
Y89   3.0686E-07  7.4428E-07  2.2187E-06  5.8142E-06  4.3594E-09  1.9852E-08  3.6354E-08  4.6668E-08  8.3917E-08
Y90   7.0651E-10  4.3876E-09  2.6461E-08  1.1052E-07  0.0000E+00  0.0000E+00  0.0000E+00  0.0000E+00  0.0000E+00
Y91   2.8420E-09  1.1115E-08  8.6653E-08  3.2259E-07  0.0000E+00  0.0000E+00  0.0000E+00  0.0000E+00  0.0000E+00
Zr90  3.5341E-07  4.8582E-07  1.3795E-06  3.5935E-06  5.3167E-09  2.4213E-08  4.3635E-08  5.5193E-08  1.0043E-07
Zr91  7.1822E-08  1.1292E-07  2.2337E-07  7.2676E-07  1.1724E-09  5.3389E-09  9.7058E-09  1.2345E-08  2.2357E-08
Zr92  1.0140E-07  1.5825E-07  3.4027E-07  1.0477E-06  1.8116E-09  8.2501E-09  1.5142E-08  1.9352E-08  3.4912E-08
Zr93  2.7863E-08  4.0822E-08  7.9740E-08  2.7608E-07  1.8219E-20  3.3710E-17  4.0994E-10  7.6392E-10  9.9306E-10
Zr94  6.6347E-08  9.1292E-08  1.7321E-07  5.3604E-07  1.8759E-09  8.5425E-09  1.5329E-08  1.9409E-08  3.5336E-08
Zr95  1.1653E-08  1.1518E-08  1.7103E-08  4.9610E-08  0.0000E+00  0.0000E+00  1.2717E-33  2.1429E-32  2.5450E-17
Zr96  2.7267E-08  1.3639E-08  1.6169E-08  8.0999E-08  0.0000E+00  0.0000E+00  0.0000E+00  0.0000E+00  4.8385E-17
Zr97  8.6858E-13  3.2661E-11  3.3763E-10  1.0147E-11  0.0000E+00  0.0000E+00  0.0000E+00  0.0000E+00  0.0000E+00
Nb91  9.9175E-10  9.2067E-10  1.9816E-09  4.9079E-09  0.0000E+00  0.0000E+00  0.0000E+00  0.0000E+00  0.0000E+00
Nb92  5.7135E-11  4.9960E-11  2.9808E-10  7.3908E-10  0.0000E+00  0.0000E+00  0.0000E+00  0.0000E+00  0.0000E+00
Nb93  1.6486E-09  2.1372E-09  4.3264E-09  8.5455E-09  8.1006E-10  3.6889E-09  6.0318E-09  7.3315E-09  1.3910E-08
Nb94  2.0359E-12  1.4311E-11  8.6438E-11  2.3587E-10  1.9556E-28  5.2408E-27  6.7620E-21  7.5112E-21  2.8276E-21
Nb95  6.1809E-10  5.0754E-10  1.0710E-09  3.4200E-09  0.0000E+00  0.0000E+00  6.9710E-34  1.1708E-32  3.7469E-19
Nb96  2.5207E-12  1.3918E-11  5.3955E-11  5.2944E-10  0.0000E+00  0.0000E+00  0.0000E+00  0.0000E+00  0.0000E+00
Nb97  9.6135E-14  3.6296E-12  3.5469E-11  1.5623E-11  0.0000E+00  0.0000E+00  0.0000E+00  0.0000E+00  0.0000E+00
Mo92  1.6440E-09  8.1860E-09  1.0275E-08  2.1817E-08  3.0615E-10  1.3942E-09  2.3231E-09  2.8304E-09  5.3290E-09
Mo93  3.4858E-11  1.0852E-10  4.4662E-10  9.6655E-10  7.5664E-30  2.1685E-26  1.0688E-16  2.5788E-15  2.2330E-16
Mo94  7.5824E-10  1.9497E-09  6.8279E-09  1.4215E-08  1.9707E-10  8.9745E-10  1.7273E-09  2.1349E-09  3.8250E-09
Mo95  2.3036E-09  3.4945E-09  6.4919E-09  2.0843E-08  3.4471E-10  1.5698E-09  2.7720E-09  3.4576E-09  6.3540E-09
Mo96  5.7921E-09  1.1650E-08  2.6658E-08  6.4677E-08  6.7531E-10  3.0753E-09  5.5708E-09  7.0203E-09  1.2790E-08
Mo97  2.5355E-09  4.0298E-09  8.7300E-09  2.0900E-08  2.1332E-10  9.7142E-10  1.7788E-09  2.2496E-09  4.0856E-09
Mo98  7.3367E-09  1.2565E-08  2.5487E-08  6.2303E-08  5.4763E-10  2.4938E-09  4.7355E-09  6.0831E-09  1.0911E-08
Xe132  1.4591E-08  2.5783E-08  5.0485E-08  1.3202E-07  1.8369E-09  8.3648E-09  1.4958E-08  1.8833E-08  3.4439E-08
Xe133  1.2968E-09  2.6854E-09  4.1418E-09  6.2492E-09  0.0000E+00  0.0000E+00  2.2643E-34  3.2774E-33  2.1131E-18
Xe134  5.9480E-09  5.2374E-09  7.2751E-09  2.0480E-08  6.8853E-10  3.1354E-09  5.4596E-09  6.7618E-09  1.2523E-08
Xe135  6.6994E-12  7.9961E-11  7.8246E-10  3.0789E-10  0.0000E+00  0.0000E+00  0.0000E+00  0.0000E+00  0.0000E+00
Cs133  2.0994E-09  2.9531E-09  4.9495E-09  1.4156E-08  4.8292E-10  2.1992E-09  3.7385E-09  4.6291E-09  8.6305E-09
Cs134  1.6859E-10  3.0006E-10  7.0326E-10  1.2858E-09  0.0000E+00  0.0000E+00  7.2828E-32  5.7846E-31  2.3121E-19
Cs135  1.1967E-09  1.3757E-09  2.8659E-09  9.6378E-09  3.1727E-21  1.7924E-18  1.8089E-11  3.0714E-11  4.2982E-11
Cs136  5.5002E-10  5.5464E-10  5.5417E-10  2.5964E-09  0.0000E+00  0.0000E+00  1.4190E-36  2.6416E-34  1.0832E-18
Cs137  4.3303E-09  1.5856E-09  1.0135E-09  1.0564E-08  0.0000E+00  0.0000E+00  0.0000E+00  0.0000E+00  7.3179E-18
Cs138  1.2361E-17  4.6965E-18  1.8435E-17  5.4465E-19  0.0000E+00  0.0000E+00  0.0000E+00  0.0000E+00  0.0000E+00
Ba134  2.4816E-09  4.8338E-09  1.0149E-08  2.8442E-08  1.4805E-10  6.7421E-10  1.6674E-09  2.2892E-09  3.7802E-09
Ba135  1.5677E-09  2.4650E-09  4.4242E-09  1.0171E-08  4.0680E-10  1.8525E-09  3.2004E-09  3.9908E-09  7.3913E-09
Ba136  6.7333E-09  1.4505E-08  2.9126E-08  7.4285E-08  4.8826E-10  2.2234E-09  4.7855E-09  6.5150E-09  1.1107E-08
Ba137  5.4158E-09  1.0942E-08  1.9118E-08  4.8526E-08  7.0342E-10  3.2033E-09  5.9522E-09  7.7075E-09  1.3790E-08
Ba138  3.4998E-08  5.4172E-08  9.1854E-08  2.2823E-07  4.5227E-09  2.0596E-08  3.7738E-08  4.8283E-08  8.7047E-08
Ba139  5.7037E-14  2.8957E-13  7.0695E-13  6.9713E-15  0.0000E+00  0.0000E+00  0.0000E+00  0.0000E+00  0.0000E+00
La138  1.4515E-12  1.7658E-12  3.0043E-12  5.2177E-12  4.7747E-13  2.1743E-12  3.9102E-12  4.9330E-12  8.9946E-12
La139  3.5922E-09  5.0300E-09  8.1210E-09  1.9107E-08  5.2802E-10  2.4045E-09  4.3632E-09  5.5456E-09  1.0052E-08
La140  1.2684E-12  6.6988E-12  1.4598E-11  1.7845E-13  0.0000E+00  0.0000E+00  0.0000E+00  0.0000E+00  0.0000E+00
Ce140  6.5772E-09  8.7322E-09  1.3485E-08  2.6969E-08  1.4219E-09  6.4749E-09  1.1694E-08  1.4794E-08  2.6910E-08
Ce141  5.4528E-10  3.0182E-10  2.5106E-10  1.5278E-11  0.0000E+00  0.0000E+00  1.5004E-34  2.4674E-33  1.8641E-18
Pr141  6.8305E-10  9.4777E-10  1.5543E-09  2.6664E-09  2.2348E-10  1.0177E-09  1.7650E-09  2.1974E-09  4.0606E-09
Pr142  2.0294E-12  1.2127E-11  3.4135E-11  2.0718E-12  0.0000E+00  0.0000E+00  0.0000E+00  0.0000E+00  0.0000E+00
Nd142  1.4024E-09  2.4023E-09  4.2621E-09  7.4047E-09  3.0506E-10  1.3892E-09  2.5955E-09  3.3267E-09  5.9752E-09
Nd143  3.4183E-10  4.3493E-10  6.0514E-10  8.5927E-10  1.3658E-10  6.2197E-10  1.0531E-09  1.3025E-09  2.4309E-09
Nd144  7.7321E-10  1.0231E-09  1.4523E-09  2.3567E-09  2.7143E-10  1.2361E-09  2.1922E-09  2.7408E-09  5.0278E-09
Hg202  9.4293E-10  1.3240E-09  1.9722E-09  3.7101E-09  2.6944E-10  1.2270E-09  2.3075E-09  2.9556E-09  5.3070E-09
Hg203  1.3773E-11  5.8504E-11  1.2042E-10  1.6047E-11  0.0000E+00  0.0000E+00  2.9028E-34  5.9958E-33  3.0906E-20
Hg204  1.4832E-10  1.7664E-10  3.0907E-10  2.5349E-10  6.2604E-11  2.8511E-10  4.8618E-10  5.9640E-10  1.1142E-09
Hg205  2.4349E-20  1.4153E-20  4.0611E-21  5.0483E-22  0.0000E+00  0.0000E+00  0.0000E+00  0.0000E+00  0.0000E+00
Tl203  4.8756E-10  6.3428E-10  9.0512E-10  1.8760E-09  1.4378E-10  6.5476E-10  1.1885E-09  1.5113E-09  2.7419E-09
Tl204  2.5915E-11  3.7668E-11  5.5564E-11  1.3585E-10  0.0000E+00  0.0000E+00  1.3083E-32  2.0107E-31  6.9050E-20
Tl205  9.8144E-10  1.1516E-09  1.6372E-09  2.8019E-09  3.4659E-10  1.5784E-09  2.8311E-09  3.5770E-09  6.5157E-09
Tl206  1.9074E-19  2.0745E-19  3.3238E-20  5.2561E-18  0.0000E+00  0.0000E+00  0.0000E+00  0.0000E+00  0.0000E+00
Pb204  4.0282E-10  6.4562E-10  1.0842E-09  2.0477E-09  6.9189E-11  3.1508E-10  6.8272E-10  9.3183E-10  1.5844E-09
Pb205  6.8664E-11  1.5890E-10  2.4597E-10  5.1498E-10  4.2835E-23  2.3991E-24  3.0640E-19  3.4445E-19  9.2945E-20
Pb206  2.5638E-09  3.5779E-09  5.4003E-09  9.4389E-09  6.5012E-10  2.9605E-09  5.4734E-09  7.0186E-09  1.2629E-08
Pb207  2.5045E-09  3.3303E-09  4.8200E-09  8.1170E-09  7.2291E-10  3.2920E-09  5.9656E-09  7.5710E-09  1.3741E-08
Pb208  6.3883E-09  8.1961E-09  1.1712E-08  1.8635E-08  2.0792E-09  9.4685E-09  1.7130E-08  2.1700E-08  3.9435E-08
Pb209  4.7231E-16  2.0532E-15  3.2453E-15  1.1641E-16  0.0000E+00  0.0000E+00  0.0000E+00  0.0000E+00  0.0000E+00
Bi208  4.7907E-11  5.9870E-11  1.3501E-10  1.5503E-10  0.0000E+00  0.0000E+00  0.0000E+00  0.0000E+00  0.0000E+00
Bi209  6.9668E-10  8.0848E-10  1.0657E-09  1.4702E-09  2.8195E-10  1.2840E-09  2.2979E-09  2.8925E-09  5.2842E-09
