#v=0 km/s  [Fe/H]=-2
Isotope 13MSun 15MSun 20MSun 25MSun 30MSun 40MSun 60MSun 80MSun 120MSun
H     6.2472E+00  7.0145E+00  8.7996E+00  1.0439E+01  1.0490E-01  1.9175E-01  2.9051E-01  1.0651E+00  1.2642E+01
H2    8.4673E-07  4.4602E-06  5.9392E-06  7.4361E-06  4.1074E-06  7.5081E-06  1.1375E-05  2.3798E-05  3.5692E-05
H3    1.1496E-28  1.4324E-22  5.4323E-19  3.3079E-17  0.0000E+00  0.0000E+00  0.0000E+00  1.5015E-13  5.4429E-13
He3   2.7282E-04  2.8399E-04  3.2559E-04  3.6339E-04  4.3526E-06  7.9563E-06  1.2054E-05  7.0077E-05  9.2506E-04
He4   4.4455E+00  5.1361E+00  6.7631E+00  8.3263E+00  3.3143E-02  6.0586E-02  9.1787E-02  3.3653E-01  4.5422E+00
Li6   3.8376E-12  2.0217E-11  2.6924E-11  3.3713E-11  1.8617E-11  3.4030E-11  5.1557E-11  1.0801E-10  1.6213E-10
Li7   5.4512E-11  2.8721E-10  3.8253E-10  4.8011E-10  2.6443E-10  4.8338E-10  7.3232E-10  1.5346E-09  2.3133E-09
Be7   7.3184E-16  2.9481E-14  9.5899E-13  2.0708E-11  0.0000E+00  0.0000E+00  0.0000E+00  3.1542E-17  3.7667E-16
Be9   6.5898E-14  2.8491E-13  3.5411E-13  4.2814E-13  2.2167E-13  4.0519E-13  6.1388E-13  1.2873E-12  1.9324E-12
Be10  1.1293E-59  1.3059E-59  1.7883E-59  2.2569E-59  0.0000E+00  0.0000E+00  0.0000E+00  0.0000E+00  0.0000E+00
B10   1.1908E-12  1.5422E-12  1.8725E-12  2.5010E-12  1.0240E-12  1.8719E-12  2.8359E-12  6.7939E-12  9.5725E-12
B11   4.9967E-11  5.5432E-11  6.7768E-11  8.2664E-11  4.5340E-12  8.2879E-12  1.2556E-11  4.6038E-11  2.7939E-10
C12   1.5712E-01  2.6341E-01  4.0529E-01  6.4495E-01  6.0459E-06  1.1052E-05  1.6743E-05  6.1390E-05  6.2715E-04
C13   1.0926E-05  1.2453E-05  1.5771E-05  1.9902E-05  7.3263E-08  1.3392E-07  2.0289E-07  7.4391E-07  1.7409E-05
C14   4.5264E-08  8.6733E-08  7.2361E-08  1.8079E-07  0.0000E+00  0.0000E+00  0.0000E+00  0.0000E+00  9.7202E-34
N13   1.6061E-12  2.5652E-12  3.1039E-12  1.0582E-13  0.0000E+00  0.0000E+00  0.0000E+00  9.8513E-28  9.4831E-27
N14   8.5161E-04  9.7382E-04  1.1868E-03  1.6436E-03  9.5993E-07  1.7547E-06  2.6584E-06  9.7471E-06  7.2005E-04
N15   1.4213E-07  1.6887E-07  1.5448E-07  2.3891E-07  2.3607E-09  4.3152E-09  6.5375E-09  2.3970E-08  2.1082E-07
N16   1.6415E-30  1.8066E-29  8.0046E-31  5.0581E-28  0.0000E+00  0.0000E+00  0.0000E+00  0.0000E+00  0.0000E+00
O15   7.0587E-17  2.7594E-15  2.8832E-15  9.9443E-14  0.0000E+00  0.0000E+00  0.0000E+00  1.4449E-32  1.6124E-31
O16   2.7327E-01  5.5909E-01  1.3625E+00  2.3756E+00  2.8197E-05  5.1541E-05  7.8088E-05  2.8631E-04  2.9820E-03
O17   8.1649E-06  8.8659E-06  7.9389E-06  5.2595E-06  1.1381E-08  2.0805E-08  3.1519E-08  1.1557E-07  1.2223E-06
O18   9.2450E-05  1.0309E-04  1.0077E-04  6.0020E-05  6.3594E-08  1.1625E-07  1.7611E-07  6.4572E-07  6.6395E-06
O19   1.5122E-24  1.4672E-23  6.4613E-22  9.5042E-20  0.0000E+00  0.0000E+00  0.0000E+00  0.0000E+00  0.0000E+00
F17   4.1086E-26  1.3169E-25  8.8087E-24  2.4754E-23  0.0000E+00  0.0000E+00  0.0000E+00  0.0000E+00  0.0000E+00
F18   2.5695E-08  2.3208E-08  1.5909E-09  1.5978E-08  0.0000E+00  0.0000E+00  0.0000E+00  0.0000E+00  0.0000E+00
F19   3.6700E-08  4.1585E-08  6.8675E-08  1.2483E-07  7.0124E-10  1.2818E-09  1.9420E-09  7.1203E-09  7.4019E-08
F20   1.1194E-26  3.9008E-26  1.5548E-20  5.0394E-20  0.0000E+00  0.0000E+00  0.0000E+00  0.0000E+00  0.0000E+00
Ne20  1.2166E-02  4.6464E-02  4.6908E-01  7.6228E-01  1.6083E-06  2.9399E-06  4.4539E-06  1.6330E-05  1.9379E-04
Ne21  6.9402E-06  1.7947E-05  9.9970E-05  2.2218E-04  4.0480E-09  7.3996E-09  1.1210E-08  4.1104E-08  4.3287E-07
Ne22  3.0972E-04  4.6714E-04  9.4697E-04  1.3213E-03  1.3008E-07  2.3778E-07  3.6024E-07  1.3208E-06  1.4058E-05
Ne23  2.4497E-18  6.4231E-18  1.8685E-16  3.1678E-16  0.0000E+00  0.0000E+00  0.0000E+00  0.0000E+00  0.0000E+00
Na21  3.8243E-17  5.0056E-16  3.2277E-15  3.6925E-14  0.0000E+00  0.0000E+00  0.0000E+00  0.0000E+00  0.0000E+00
Na22  1.8338E-07  4.2188E-07  3.3598E-06  1.3238E-05  0.0000E+00  0.0000E+00  0.0000E+00  0.0000E+00  0.0000E+00
Na23  6.5262E-05  1.5082E-04  2.5008E-03  4.6231E-03  4.0629E-08  7.4269E-08  1.1252E-07  4.1254E-07  1.3213E-05
Na24  2.5950E-09  2.7036E-08  2.3674E-07  5.4361E-07  0.0000E+00  0.0000E+00  0.0000E+00  0.0000E+00  0.0000E+00
Mg23  3.8420E-17  9.9955E-14  1.5048E-13  1.6931E-13  0.0000E+00  0.0000E+00  0.0000E+00  0.0000E+00  0.0000E+00
Mg24  1.1463E-02  2.5950E-02  1.0793E-01  1.1229E-01  1.3643E-06  2.4938E-06  3.7781E-06  1.3852E-05  1.7182E-04
Mg25  3.1681E-05  2.0457E-04  1.2391E-03  1.2656E-03  1.7991E-07  3.2887E-07  4.9824E-07  1.8268E-06  1.9064E-05
Mg26  2.7669E-05  2.5168E-04  2.0391E-03  1.9071E-03  2.0600E-07  3.7656E-07  5.7048E-07  2.0917E-06  2.2930E-05
Mg27  1.3798E-14  2.4245E-13  7.4173E-12  5.2308E-12  0.0000E+00  0.0000E+00  0.0000E+00  0.0000E+00  0.0000E+00
Al25  2.9607E-19  9.5619E-19  3.1867E-18  1.9023E-17  0.0000E+00  0.0000E+00  0.0000E+00  0.0000E+00  0.0000E+00
Al26  1.8364E-05  4.1799E-05  5.4286E-05  6.8907E-05  0.0000E+00  0.0000E+00  0.0000E+00  0.0000E+00  7.8903E-08
Alg6  3.8516E-08  9.3992E-08  3.6274E-07  1.2663E-06  0.0000E+00  0.0000E+00  0.0000E+00  0.0000E+00  7.8903E-08
Alm6  6.4698E-18  2.3755E-19  4.5176E-22  6.8186E-24  0.0000E+00  0.0000E+00  0.0000E+00  0.0000E+00  0.0000E+00
Al27  3.0174E-04  1.3849E-03  4.1224E-03  3.4357E-03  7.7352E-08  1.4140E-07  2.1421E-07  7.8543E-07  1.5014E-05
Al28  3.9432E-13  1.0791E-11  8.2959E-12  3.3323E-12  0.0000E+00  0.0000E+00  0.0000E+00  0.0000E+00  0.0000E+00
Si27  6.4749E-20  1.9731E-14  8.9085E-17  1.3470E-18  0.0000E+00  0.0000E+00  0.0000E+00  0.0000E+00  0.0000E+00
Si28  6.1564E-02  9.1009E-02  1.0731E-01  1.0407E-01  2.1834E-06  3.9911E-06  6.0466E-06  2.2170E-05  2.7231E-04
Si29  2.5434E-04  6.4468E-04  9.0590E-04  6.6189E-04  1.1483E-07  2.0990E-07  3.1800E-07  1.1660E-06  1.4233E-05
Si30  3.6900E-04  8.8192E-04  9.5571E-04  5.2841E-04  7.8306E-08  1.4314E-07  2.1686E-07  7.9512E-07  9.8104E-06
Si31  3.7475E-10  2.5552E-09  3.1290E-09  1.9465E-09  0.0000E+00  0.0000E+00  0.0000E+00  0.0000E+00  0.0000E+00
Si32  1.3682E-11  4.3577E-11  2.1270E-10  1.1419E-10  0.0000E+00  0.0000E+00  0.0000E+00  0.0000E+00  0.0000E+00
P29   9.2127E-22  1.3017E-21  2.1599E-20  6.6744E-20  0.0000E+00  0.0000E+00  0.0000E+00  0.0000E+00  0.0000E+00
P30   2.1941E-12  3.5420E-11  2.6960E-11  3.7683E-12  0.0000E+00  0.0000E+00  0.0000E+00  0.0000E+00  0.0000E+00
P31   1.3833E-04  2.9166E-04  3.1361E-04  2.5633E-04  8.0998E-09  1.4806E-08  2.2431E-08  8.2244E-08  1.0086E-06
P32   5.0462E-08  9.4509E-08  1.6073E-07  9.1760E-08  0.0000E+00  0.0000E+00  0.0000E+00  0.0000E+00  0.0000E+00
P33   3.8676E-08  6.3104E-08  5.0209E-08  2.7198E-08  0.0000E+00  0.0000E+00  0.0000E+00  0.0000E+00  0.0000E+00
P34   2.8761E-24  9.9667E-20  2.4565E-20  1.6276E-20  0.0000E+00  0.0000E+00  0.0000E+00  0.0000E+00  0.0000E+00
S31   1.1070E-23  5.2096E-18  1.8759E-20  8.9103E-25  0.0000E+00  0.0000E+00  0.0000E+00  0.0000E+00  0.0000E+00
S32   2.1407E-02  2.9167E-02  2.9287E-02  2.9827E-02  9.1130E-07  1.6658E-06  2.5237E-06  9.2533E-06  1.1344E-04
S33   1.0592E-04  1.9804E-04  1.8723E-04  2.0529E-04  7.5239E-09  1.3753E-08  2.0836E-08  7.6396E-08  9.3656E-07
S34   5.7355E-04  7.5899E-04  5.3061E-04  4.3019E-04  4.3756E-08  7.9984E-08  1.2118E-07  4.4430E-07  5.4469E-06
S35   1.4485E-08  3.5408E-08  2.4920E-08  2.9937E-08  0.0000E+00  0.0000E+00  0.0000E+00  0.0000E+00  0.0000E+00
S36   2.6672E-08  3.2311E-08  3.9821E-08  4.6873E-08  2.1599E-10  3.9483E-10  5.9815E-10  2.1932E-09  2.6887E-08
S37   4.1769E-21  3.4680E-20  5.8064E-19  1.9359E-18  0.0000E+00  0.0000E+00  0.0000E+00  0.0000E+00  0.0000E+00
Cl33  4.1329E-24  2.0787E-24  5.5572E-25  3.1080E-26  0.0000E+00  0.0000E+00  0.0000E+00  0.0000E+00  0.0000E+00
Cl34  2.1851E-28  7.8771E-23  2.2929E-25  7.5795E-28  0.0000E+00  0.0000E+00  0.0000E+00  0.0000E+00  0.0000E+00
Cl35  2.8886E-05  5.8959E-05  4.7817E-05  5.2417E-05  8.5257E-09  1.5585E-08  2.3611E-08  8.6570E-08  1.0613E-06
Cl36  1.2602E-07  2.0249E-07  1.5011E-07  1.3243E-07  0.0000E+00  0.0000E+00  0.0000E+00  0.0000E+00  8.6656E-22
Cl37  4.4184E-07  6.3079E-07  9.4286E-07  1.3432E-06  2.8806E-09  5.2656E-09  7.9775E-09  2.9249E-08  3.5859E-07
Cl38  1.1280E-13  2.0709E-13  1.6416E-13  8.2265E-13  0.0000E+00  0.0000E+00  0.0000E+00  0.0000E+00  0.0000E+00
Ar36  3.8421E-03  5.0276E-03  5.0437E-03  5.2804E-03  1.7408E-07  3.1823E-07  4.8209E-07  1.7676E-06  2.1670E-05
Ar37  8.5103E-06  1.2477E-05  1.1397E-05  1.2950E-05  0.0000E+00  0.0000E+00  0.0000E+00  0.0000E+00  1.0600E-22
Ar38  2.4058E-04  2.9861E-04  2.0580E-04  1.6940E-04  3.3409E-08  6.1070E-08  9.2522E-08  3.3924E-07  4.1588E-06
Ar39  2.7780E-09  3.6050E-09  1.1059E-08  1.8015E-08  0.0000E+00  0.0000E+00  0.0000E+00  0.0000E+00  0.0000E+00
Ar40  4.9319E-09  5.7105E-09  8.6995E-09  1.1395E-08  5.6247E-11  1.0282E-10  1.5577E-10  5.7113E-10  7.0017E-09
Ar41  6.8382E-14  1.6849E-13  1.0960E-13  3.2475E-13  0.0000E+00  0.0000E+00  0.0000E+00  0.0000E+00  0.0000E+00
K37   1.6862E-32  2.4016E-33  2.8862E-34  6.0798E-36  0.0000E+00  0.0000E+00  0.0000E+00  0.0000E+00  0.0000E+00
K38   2.5212E-13  1.0369E-12  8.8540E-13  6.0241E-13  0.0000E+00  0.0000E+00  0.0000E+00  0.0000E+00  0.0000E+00
K39   2.8147E-05  3.8693E-05  3.5477E-05  2.7853E-05  3.9561E-09  7.2317E-09  1.0956E-08  4.0170E-08  4.9246E-07
K40   6.6156E-09  1.3174E-08  2.3092E-08  4.3919E-08  6.4046E-12  1.1707E-11  1.7736E-11  6.4992E-11  7.9611E-10
K41   2.6195E-08  3.2489E-08  5.6629E-08  8.5100E-08  3.0015E-10  5.4865E-10  8.3120E-10  3.0476E-09  3.7361E-08
K42   3.7426E-11  1.2304E-10  9.8152E-11  2.5204E-10  0.0000E+00  0.0000E+00  0.0000E+00  0.0000E+00  0.0000E+00
Ca40  3.3776E-03  4.2530E-03  4.2878E-03  4.9254E-03  1.9305E-07  3.5288E-07  5.3463E-07  1.9603E-06  2.4032E-05
Ca41  2.0852E-06  2.8940E-06  2.9290E-06  2.9824E-06  0.0000E+00  0.0000E+00  0.0000E+00  0.0000E+00  9.1823E-20
Ca42  6.6683E-06  8.0454E-06  6.0317E-06  5.0318E-06  1.3529E-09  2.4730E-09  3.7466E-09  1.3737E-08  1.6841E-07
Ca43  7.4454E-08  9.5426E-08  1.4617E-07  2.8298E-07  2.8901E-10  5.2830E-10  8.0035E-10  2.9346E-09  3.5976E-08
Ca44  3.6786E-07  4.2808E-07  6.1033E-07  8.7920E-07  4.5696E-09  8.3530E-09  1.2655E-08  4.6400E-08  5.6882E-07
Ca45  5.6762E-10  4.7048E-10  1.8294E-09  4.7153E-09  0.0000E+00  0.0000E+00  0.0000E+00  0.0000E+00  0.0000E+00
Ca46  8.0742E-10  8.7861E-10  1.2417E-09  1.6842E-09  9.1607E-12  1.6745E-11  2.5369E-11  9.3017E-11  1.1403E-09
Ca47  1.0241E-12  6.5235E-13  6.1523E-13  1.5837E-12  0.0000E+00  0.0000E+00  0.0000E+00  0.0000E+00  0.0000E+00
Ca48  3.5316E-08  4.1010E-08  5.5577E-08  6.9287E-08  4.4688E-10  8.1686E-10  1.2376E-09  4.5376E-09  5.5627E-08
Ca49  1.3967E-18  5.1406E-18  9.2710E-18  1.6687E-17  0.0000E+00  0.0000E+00  0.0000E+00  0.0000E+00  0.0000E+00
Sc41  3.3312E-48  7.5766E-50  1.1514E-51  7.0567E-53  0.0000E+00  0.0000E+00  0.0000E+00  0.0000E+00  0.0000E+00
Sc42  6.2166E-43  2.4951E-40  8.7058E-43  1.3586E-44  0.0000E+00  0.0000E+00  0.0000E+00  0.0000E+00  0.0000E+00
Sc43  2.0148E-08  2.6081E-08  2.3698E-08  2.7242E-08  0.0000E+00  0.0000E+00  0.0000E+00  0.0000E+00  0.0000E+00
Sc44  3.6616E-10  5.1855E-10  6.9561E-10  1.2671E-09  0.0000E+00  0.0000E+00  0.0000E+00  0.0000E+00  0.0000E+00
Sc45  7.8785E-08  1.1117E-07  1.3108E-07  1.6811E-07  6.4613E-11  1.1811E-10  1.7894E-10  6.5608E-10  8.0431E-09
Sc46  2.4524E-10  3.4943E-10  9.8154E-10  3.3096E-09  0.0000E+00  0.0000E+00  0.0000E+00  0.0000E+00  0.0000E+00
Sc47  3.9126E-11  3.6617E-11  3.5813E-11  1.2429E-10  0.0000E+00  0.0000E+00  0.0000E+00  0.0000E+00  0.0000E+00
Sc48  3.8538E-11  1.5294E-10  1.3294E-10  2.2655E-10  0.0000E+00  0.0000E+00  0.0000E+00  0.0000E+00  0.0000E+00
Sc49  7.3149E-14  2.7786E-13  2.5927E-13  3.6517E-13  0.0000E+00  0.0000E+00  0.0000E+00  0.0000E+00  0.0000E+00
Ti44  1.9393E-05  2.0445E-05  2.0255E-05  2.7779E-05  0.0000E+00  0.0000E+00  0.0000E+00  0.0000E+00  0.0000E+00
Ti45  2.2797E-08  3.1878E-08  3.3374E-08  3.3267E-08  0.0000E+00  0.0000E+00  0.0000E+00  0.0000E+00  0.0000E+00
Ti46  4.2445E-06  4.8587E-06  3.9750E-06  2.7255E-06  6.8600E-10  1.2540E-09  1.8998E-09  6.9655E-09  8.5392E-08
Ti47  4.0870E-07  4.7505E-07  4.1422E-07  4.5795E-07  6.3209E-10  1.1554E-09  1.7505E-09  6.4183E-09  7.8683E-08
Ti48  5.0696E-07  5.8307E-07  7.5339E-07  9.0976E-07  6.3964E-09  1.1692E-08  1.7714E-08  6.4948E-08  7.9623E-07
Ti49  4.4906E-08  5.8634E-08  1.0429E-07  1.4335E-07  4.7919E-10  8.7593E-10  1.3270E-09  4.8656E-09  5.9650E-08
Ti50  4.0805E-08  5.0859E-08  9.7137E-08  1.6713E-07  4.6817E-10  8.5581E-10  1.2966E-09  4.7538E-09  5.8278E-08
Ti51  6.6452E-18  4.7153E-17  1.5370E-15  3.9929E-16  0.0000E+00  0.0000E+00  0.0000E+00  0.0000E+00  0.0000E+00
V45   3.9251E-54  1.5912E-47  5.2639E-50  4.1797E-50  0.0000E+00  0.0000E+00  0.0000E+00  0.0000E+00  0.0000E+00
V46   1.5836E-53  3.6530E-47  1.4140E-50  8.3192E-56  0.0000E+00  0.0000E+00  0.0000E+00  0.0000E+00  0.0000E+00
V47   8.3809E-11  1.0124E-10  1.0307E-10  1.2948E-10  0.0000E+00  0.0000E+00  0.0000E+00  0.0000E+00  0.0000E+00
V48   1.4819E-08  1.6952E-08  1.7611E-08  1.6124E-08  0.0000E+00  0.0000E+00  0.0000E+00  0.0000E+00  0.0000E+00
V49   1.6770E-06  1.7229E-06  1.8911E-06  1.2501E-06  0.0000E+00  0.0000E+00  0.0000E+00  0.0000E+00  0.0000E+00
V50   3.4328E-10  6.2134E-10  1.2272E-09  1.9752E-09  1.0815E-12  1.9769E-12  2.9950E-12  1.0981E-11  1.3462E-10
V51   3.6410E-08  4.2880E-08  5.9696E-08  7.6809E-08  4.4014E-10  8.0456E-10  1.2189E-09  4.4692E-09  5.4789E-08
V52   4.4582E-18  6.8240E-17  9.2125E-16  2.3497E-16  0.0000E+00  0.0000E+00  0.0000E+00  0.0000E+00  0.0000E+00
Cr48  5.9778E-05  5.9191E-05  5.8571E-05  6.3632E-05  0.0000E+00  0.0000E+00  0.0000E+00  0.0000E+00  0.0000E+00
Cr49  3.7067E-09  3.7733E-09  4.1302E-09  2.8006E-09  0.0000E+00  0.0000E+00  0.0000E+00  0.0000E+00  0.0000E+00
Cr50  1.0135E-05  1.2266E-05  1.4821E-05  4.8934E-06  9.6398E-10  1.7621E-09  2.6696E-09  9.7882E-09  1.2000E-07
Cr51  2.9793E-06  3.1166E-06  3.6669E-06  1.4549E-06  0.0000E+00  0.0000E+00  0.0000E+00  0.0000E+00  1.1403E-23
Cr52  2.6671E-06  2.8599E-06  3.4985E-06  3.4656E-06  1.9333E-08  3.5339E-08  5.3539E-08  1.9631E-07  2.4066E-06
Cr53  1.7389E-07  2.0295E-07  2.8049E-07  3.5169E-07  2.2343E-09  4.0842E-09  6.1878E-09  2.2687E-08  2.7814E-07
Cr54  5.7194E-08  7.4783E-08  1.5154E-07  2.5542E-07  5.6667E-10  1.0358E-09  1.5693E-09  5.7539E-09  7.0540E-08
Cr55  1.8639E-18  1.7337E-17  5.9633E-16  5.8551E-16  0.0000E+00  0.0000E+00  0.0000E+00  0.0000E+00  0.0000E+00
Mn50  1.1293E-59  3.7208E-57  2.5093E-59  2.2569E-59  0.0000E+00  0.0000E+00  0.0000E+00  0.0000E+00  0.0000E+00
Mn51  7.9175E-09  8.2125E-09  9.8043E-09  3.9232E-09  0.0000E+00  0.0000E+00  0.0000E+00  0.0000E+00  0.0000E+00
Mn52  1.3023E-04  1.1726E-04  1.3218E-04  1.0357E-04  0.0000E+00  0.0000E+00  0.0000E+00  0.0000E+00  0.0000E+00
Mn53  3.5988E-05  3.3575E-05  4.0775E-05  2.3182E-05  0.0000E+00  0.0000E+00  0.0000E+00  0.0000E+00  0.0000E+00
Mn54  2.5351E-09  3.0928E-09  3.3851E-09  2.6541E-09  0.0000E+00  0.0000E+00  0.0000E+00  0.0000E+00  0.0000E+00
Mn55  1.2731E-06  1.5335E-06  2.1663E-06  2.6095E-06  1.5047E-08  2.7507E-08  4.1673E-08  1.5279E-07  1.8732E-06
Mn56  5.1599E-10  1.3448E-09  3.1659E-10  3.1096E-10  0.0000E+00  0.0000E+00  0.0000E+00  0.0000E+00  0.0000E+00
Mn57  5.4837E-22  4.0120E-20  5.3634E-19  1.5673E-20  0.0000E+00  0.0000E+00  0.0000E+00  0.0000E+00  0.0000E+00
Fe52  3.8943E-04  3.4994E-04  3.9220E-04  3.0842E-04  0.0000E+00  0.0000E+00  0.0000E+00  0.0000E+00  0.0000E+00
Fe53  1.7319E-14  3.4485E-14  4.5167E-14  8.6210E-14  0.0000E+00  0.0000E+00  0.0000E+00  0.0000E+00  0.0000E+00
Fe54  6.3832E-04  7.4842E-04  1.0831E-03  3.0933E-04  1.0146E-07  1.8546E-07  2.8098E-07  1.0302E-06  1.2629E-05
Fe55  2.7771E-05  2.7277E-05  3.4100E-05  1.4078E-05  0.0000E+00  0.0000E+00  0.0000E+00  0.0000E+00  7.1226E-21
Fe56  1.3724E-04  1.5959E-04  2.1133E-04  2.5055E-04  1.6516E-06  3.0191E-06  4.5741E-06  1.6771E-05  2.0559E-04
Fe57  3.5398E-06  4.6263E-06  8.4283E-06  1.1888E-05  3.8825E-08  7.0970E-08  1.0752E-07  3.9423E-07  4.8330E-06
Fe58  8.9551E-07  1.4480E-06  5.0741E-06  1.0889E-05  5.2576E-09  9.6106E-09  1.4560E-08  5.3385E-08  6.5447E-07
Fe59  4.2269E-08  3.4013E-08  9.3769E-08  2.5240E-07  0.0000E+00  0.0000E+00  0.0000E+00  0.0000E+00  0.0000E+00
Fe60  6.8034E-09  2.3121E-09  5.4400E-09  1.2410E-08  0.0000E+00  0.0000E+00  0.0000E+00  0.0000E+00  1.6399E-38
Fe61  1.2683E-18  2.5103E-19  2.7212E-17  4.3702E-17  0.0000E+00  0.0000E+00  0.0000E+00  0.0000E+00  0.0000E+00
Co54  1.1293E-59  1.3059E-59  1.7883E-59  2.2569E-59  0.0000E+00  0.0000E+00  0.0000E+00  0.0000E+00  0.0000E+00
Co55  1.2078E-04  1.1187E-04  1.3682E-04  6.3008E-05  0.0000E+00  0.0000E+00  0.0000E+00  0.0000E+00  0.0000E+00
Co56  1.2803E-06  1.4904E-06  1.5472E-06  1.3061E-06  0.0000E+00  0.0000E+00  0.0000E+00  0.0000E+00  0.0000E+00
Co57  1.2140E-04  1.2590E-04  1.2776E-04  1.2869E-04  0.0000E+00  0.0000E+00  0.0000E+00  0.0000E+00  0.0000E+00
Co58  2.4145E-08  5.8855E-08  7.7950E-08  8.6764E-08  0.0000E+00  0.0000E+00  0.0000E+00  0.0000E+00  0.0000E+00
Co59  5.9760E-07  8.0979E-07  1.9059E-06  3.7422E-06  5.8609E-09  1.0713E-08  1.6231E-08  5.9511E-08  7.2955E-07
Co60  1.2232E-08  1.1723E-08  1.9461E-08  5.1932E-08  0.0000E+00  0.0000E+00  0.0000E+00  0.0000E+00  0.0000E+00
Co61  1.2753E-10  1.2908E-10  8.4886E-11  1.9507E-10  0.0000E+00  0.0000E+00  0.0000E+00  0.0000E+00  0.0000E+00
Ni56  7.0000E-02  7.0000E-02  7.0000E-02  7.0000E-02  0.0000E+00  0.0000E+00  0.0000E+00  0.0000E+00  0.0000E+00
Ni57  2.2950E-03  2.3675E-03  2.3624E-03  2.4067E-03  0.0000E+00  0.0000E+00  0.0000E+00  0.0000E+00  0.0000E+00
Ni58  4.2558E-03  4.2714E-03  4.3621E-03  4.2366E-03  6.6609E-08  1.2176E-07  1.8447E-07  6.7634E-07  8.2915E-06
Ni59  1.2670E-04  1.3151E-04  1.2610E-04  1.1719E-04  0.0000E+00  0.0000E+00  0.0000E+00  0.0000E+00  1.0185E-19
Ni60  1.4573E-03  1.4265E-03  1.4021E-03  1.5752E-03  2.6543E-08  4.8520E-08  7.3507E-08  2.6951E-07  3.3040E-06
Ni61  4.2914E-05  4.3893E-05  4.0583E-05  4.0807E-05  1.1730E-09  2.1442E-09  3.2485E-09  1.1911E-08  1.4602E-07
Ni62  1.2923E-05  1.3981E-05  1.5383E-05  1.3712E-05  3.8015E-09  6.9487E-09  1.0528E-08  3.8600E-08  4.7319E-07
Ni63  1.1132E-08  8.8007E-09  4.3765E-08  1.2669E-07  0.0000E+00  0.0000E+00  0.0000E+00  0.0000E+00  0.0000E+00
Ni64  8.6153E-08  1.0160E-07  1.8123E-07  3.3811E-07  9.9934E-10  1.8267E-09  2.7675E-09  1.0147E-08  1.2440E-07
Ni65  2.2370E-11  2.0832E-11  7.5039E-12  2.9986E-11  0.0000E+00  0.0000E+00  0.0000E+00  0.0000E+00  0.0000E+00
Cu57  1.1293E-59  1.3059E-59  1.7883E-59  2.2569E-59  0.0000E+00  0.0000E+00  0.0000E+00  0.0000E+00  0.0000E+00
Cu58  2.7527E-39  1.2641E-33  4.9416E-35  8.3877E-35  0.0000E+00  0.0000E+00  0.0000E+00  0.0000E+00  0.0000E+00
Cu59  4.8165E-20  2.7113E-19  1.5892E-18  1.1519E-18  0.0000E+00  0.0000E+00  0.0000E+00  0.0000E+00  0.0000E+00
Cu60  3.2740E-08  3.2220E-08  3.1715E-08  3.5604E-08  0.0000E+00  0.0000E+00  0.0000E+00  0.0000E+00  0.0000E+00
Cu61  3.3436E-05  3.4122E-05  3.1111E-05  3.1014E-05  0.0000E+00  0.0000E+00  0.0000E+00  0.0000E+00  0.0000E+00
Cu62  4.3069E-07  4.6286E-07  4.9889E-07  4.0909E-07  0.0000E+00  0.0000E+00  0.0000E+00  0.0000E+00  0.0000E+00
Cu63  9.5023E-07  8.8783E-07  1.0551E-06  1.7654E-06  6.8607E-10  1.2541E-09  1.9000E-09  6.9663E-09  8.5401E-08
Cu64  7.4247E-10  1.6426E-09  2.6212E-09  7.6417E-09  0.0000E+00  0.0000E+00  0.0000E+00  0.0000E+00  0.0000E+00
Cu65  3.0003E-08  3.9768E-08  8.4614E-08  2.0914E-07  3.1550E-10  5.7670E-10  8.7371E-10  3.2035E-09  3.9273E-08
Cu66  3.5512E-17  7.3951E-16  1.8929E-14  5.2742E-15  0.0000E+00  0.0000E+00  0.0000E+00  0.0000E+00  0.0000E+00
Zn60  2.0619E-20  1.1648E-20  6.6455E-20  9.3084E-20  0.0000E+00  0.0000E+00  0.0000E+00  0.0000E+00  0.0000E+00
Zn61  1.3053E-22  2.1568E-21  6.6058E-21  4.8500E-21  0.0000E+00  0.0000E+00  0.0000E+00  0.0000E+00  0.0000E+00
Zn62  5.9332E-04  6.2568E-04  5.9971E-04  5.0869E-04  0.0000E+00  0.0000E+00  0.0000E+00  0.0000E+00  0.0000E+00
Zn63  1.3662E-09  1.1479E-09  1.2806E-09  2.0665E-09  0.0000E+00  0.0000E+00  0.0000E+00  0.0000E+00  0.0000E+00
Zn64  8.1735E-06  7.1234E-06  8.3025E-06  1.3180E-05  1.1487E-09  2.0997E-09  3.1811E-09  1.1664E-08  1.4299E-07
Zn65  5.9463E-07  6.1654E-07  5.2516E-07  5.5371E-07  0.0000E+00  0.0000E+00  0.0000E+00  0.0000E+00  0.0000E+00
Zn66  2.5619E-06  2.7922E-06  2.5418E-06  2.0752E-06  6.7961E-10  1.2423E-09  1.8821E-09  6.9007E-09  8.4598E-08
Zn67  9.8558E-09  1.1525E-08  1.9377E-08  3.8056E-08  1.0138E-10  1.8532E-10  2.8077E-10  1.0294E-09  1.2620E-08
Zn68  3.8942E-08  4.6119E-08  7.1522E-08  1.1620E-07  4.7057E-10  8.6017E-10  1.3032E-09  4.7781E-09  5.8576E-08
Zn69  1.0106E-12  1.6907E-12  1.6059E-12  7.8378E-12  0.0000E+00  0.0000E+00  0.0000E+00  0.0000E+00  0.0000E+00
Zn70  1.3389E-09  1.4830E-09  1.8938E-09  2.3032E-09  1.6018E-11  2.9280E-11  4.4359E-11  1.6264E-10  1.9939E-09
Zn71  5.6301E-22  4.1894E-21  4.2499E-19  3.8947E-19  0.0000E+00  0.0000E+00  0.0000E+00  0.0000E+00  0.0000E+00
Ga62  1.1293E-59  1.3059E-59  1.7883E-59  2.2569E-59  0.0000E+00  0.0000E+00  0.0000E+00  0.0000E+00  0.0000E+00
Ga63  9.2019E-33  1.1095E-30  1.6655E-28  2.9324E-27  0.0000E+00  0.0000E+00  0.0000E+00  0.0000E+00  0.0000E+00
Ga64  6.3982E-23  1.8555E-22  7.9165E-22  2.0610E-21  0.0000E+00  0.0000E+00  0.0000E+00  0.0000E+00  0.0000E+00
Ga65  1.4172E-13  1.4130E-13  1.1837E-13  1.2734E-13  0.0000E+00  0.0000E+00  0.0000E+00  0.0000E+00  0.0000E+00
Ga66  6.3806E-06  6.9293E-06  6.1778E-06  4.7012E-06  0.0000E+00  0.0000E+00  0.0000E+00  0.0000E+00  0.0000E+00
Ga67  1.9834E-08  2.0658E-08  1.7415E-08  1.7051E-08  0.0000E+00  0.0000E+00  0.0000E+00  0.0000E+00  0.0000E+00
Ga68  5.8053E-12  5.1733E-12  1.1235E-11  3.0372E-11  0.0000E+00  0.0000E+00  0.0000E+00  0.0000E+00  0.0000E+00
Ga69  4.3648E-09  5.3244E-09  8.5880E-09  1.4692E-08  4.6226E-11  8.4499E-11  1.2802E-10  4.6938E-10  5.7542E-09
Ga70  1.1176E-14  1.1727E-13  4.1026E-13  4.5588E-13  0.0000E+00  0.0000E+00  0.0000E+00  0.0000E+00  0.0000E+00
Ga71  2.6486E-09  3.2334E-09  5.2343E-09  8.4432E-09  3.1568E-11  5.7705E-11  8.7425E-11  3.2055E-10  3.9297E-09
Ga72  3.1776E-11  3.5165E-11  2.2183E-11  9.4925E-11  0.0000E+00  0.0000E+00  0.0000E+00  0.0000E+00  0.0000E+00
Ge64  7.1169E-29  4.4648E-29  5.5971E-28  1.0995E-27  0.0000E+00  0.0000E+00  0.0000E+00  0.0000E+00  0.0000E+00
Ge65  2.5312E-38  8.9730E-34  6.2310E-36  1.0527E-36  0.0000E+00  0.0000E+00  0.0000E+00  0.0000E+00  0.0000E+00
Ge66  1.2537E-06  1.3615E-06  1.2144E-06  9.2453E-07  0.0000E+00  0.0000E+00  0.0000E+00  0.0000E+00  0.0000E+00
Ge67  1.0765E-13  6.5704E-15  1.4432E-14  4.1362E-14  0.0000E+00  0.0000E+00  0.0000E+00  0.0000E+00  0.0000E+00
Ge68  1.7323E-08  7.7492E-09  1.1281E-08  4.2721E-08  0.0000E+00  0.0000E+00  0.0000E+00  0.0000E+00  0.0000E+00
Ge69  5.8783E-10  4.8916E-11  1.4959E-10  6.4892E-10  0.0000E+00  0.0000E+00  0.0000E+00  0.0000E+00  0.0000E+00
Ge70  7.9425E-09  8.8831E-09  1.4474E-08  2.8426E-08  6.6238E-11  1.2108E-10  1.8344E-10  6.7257E-10  8.2453E-09
Ge71  1.1977E-10  1.2911E-10  4.0225E-10  1.1027E-09  0.0000E+00  0.0000E+00  0.0000E+00  0.0000E+00  0.0000E+00
Ge72  7.4660E-09  8.9050E-09  1.3049E-08  1.8910E-08  9.0033E-11  1.6458E-10  2.4934E-10  9.1420E-10  1.1207E-08
Ge73  2.0643E-09  2.4304E-09  3.7779E-09  5.7523E-09  2.5622E-11  4.6835E-11  7.0955E-11  2.6016E-10  3.1895E-09
Ge74  9.8789E-09  1.1667E-08  1.7006E-08  2.4168E-08  1.2190E-10  2.2283E-10  3.3759E-10  1.2378E-09  1.5174E-08
Ge75  6.1012E-13  9.9381E-13  1.4962E-12  4.9698E-12  0.0000E+00  0.0000E+00  0.0000E+00  0.0000E+00  0.0000E+00
Ge76  2.0807E-09  2.3793E-09  3.0939E-09  3.7334E-09  2.6261E-11  4.8003E-11  7.2726E-11  2.6665E-10  3.2689E-09
Ge77  3.5993E-12  2.5133E-12  1.0275E-13  2.8890E-13  0.0000E+00  0.0000E+00  0.0000E+00  0.0000E+00  0.0000E+00
As71  4.1310E-11  1.5326E-12  4.2785E-12  1.9036E-11  0.0000E+00  0.0000E+00  0.0000E+00  0.0000E+00  0.0000E+00
As72  3.2940E-11  2.5714E-12  7.4238E-12  2.5407E-11  0.0000E+00  0.0000E+00  0.0000E+00  0.0000E+00  0.0000E+00
As73  5.4927E-11  5.5133E-11  1.0687E-10  2.3479E-10  0.0000E+00  0.0000E+00  0.0000E+00  0.0000E+00  0.0000E+00
As74  6.2654E-12  1.0029E-11  1.5009E-11  3.1109E-11  0.0000E+00  0.0000E+00  0.0000E+00  0.0000E+00  0.0000E+00
As75  1.2632E-09  1.5222E-09  2.2131E-09  3.1751E-09  1.5212E-11  2.7805E-11  4.2124E-11  1.5446E-10  1.8935E-09
As76  1.1690E-11  1.1452E-11  3.4149E-11  1.0040E-10  0.0000E+00  0.0000E+00  0.0000E+00  0.0000E+00  0.0000E+00
As77  1.8733E-11  1.9288E-11  1.5948E-11  3.8298E-11  0.0000E+00  0.0000E+00  0.0000E+00  0.0000E+00  0.0000E+00
Se74  5.0158E-10  3.8445E-10  6.3645E-10  1.3085E-09  1.4646E-12  2.6773E-12  4.0559E-12  1.4872E-11  1.8232E-10
Se75  6.3676E-11  3.9539E-11  8.0141E-11  2.1066E-10  0.0000E+00  0.0000E+00  0.0000E+00  0.0000E+00  0.0000E+00
Se76  1.6077E-09  2.0043E-09  2.9469E-09  4.5323E-09  1.5837E-11  2.8947E-11  4.3858E-11  1.6081E-10  1.9714E-09
Se77  1.0340E-09  1.2002E-09  1.7547E-09  2.4680E-09  1.3065E-11  2.3883E-11  3.6183E-11  1.3267E-10  1.6264E-09
Se78  3.4183E-09  4.1333E-09  6.3262E-09  9.1836E-09  4.1231E-11  7.5371E-11  1.1418E-10  4.1867E-10  5.1325E-09
Se79  2.7098E-11  5.1369E-11  2.7231E-10  6.2534E-10  0.0000E+00  0.0000E+00  0.0000E+00  0.0000E+00  3.2890E-25
Se80  6.8847E-09  7.8872E-09  1.0283E-08  1.2613E-08  8.8261E-11  1.6134E-10  2.4443E-10  8.9619E-10  1.0987E-08
Se81  1.1961E-16  1.1307E-15  7.7235E-15  1.5576E-14  0.0000E+00  0.0000E+00  0.0000E+00  0.0000E+00  0.0000E+00
Se82  1.2711E-09  1.4625E-09  1.9467E-09  2.3835E-09  1.5920E-11  2.9101E-11  4.4087E-11  1.6165E-10  1.9817E-09
Se83  1.6650E-16  3.7210E-16  1.2375E-16  4.3659E-16  0.0000E+00  0.0000E+00  0.0000E+00  0.0000E+00  0.0000E+00
Br75  9.8834E-14  1.9562E-15  4.8880E-15  2.7720E-14  0.0000E+00  0.0000E+00  0.0000E+00  0.0000E+00  0.0000E+00
Br76  8.3255E-12  2.8478E-13  9.3953E-13  3.9232E-12  0.0000E+00  0.0000E+00  0.0000E+00  0.0000E+00  0.0000E+00
Br77  2.6582E-11  4.8857E-12  1.0930E-11  3.7070E-11  0.0000E+00  0.0000E+00  0.0000E+00  0.0000E+00  0.0000E+00
Br78  1.1038E-17  2.2061E-16  2.3698E-16  1.9804E-16  0.0000E+00  0.0000E+00  0.0000E+00  0.0000E+00  0.0000E+00
Br79  1.0441E-09  1.2123E-09  1.5721E-09  1.9537E-09  1.4114E-11  2.5800E-11  3.9086E-11  1.4331E-10  1.7570E-09
Br80  1.6854E-15  2.1527E-14  3.5565E-14  3.8495E-14  0.0000E+00  0.0000E+00  0.0000E+00  0.0000E+00  0.0000E+00
Br81  1.1491E-09  1.3356E-09  1.7515E-09  2.1630E-09  1.4077E-11  2.5734E-11  3.8986E-11  1.4294E-10  1.7524E-09
Br82  4.9263E-12  6.7286E-12  5.8442E-12  1.2552E-11  0.0000E+00  0.0000E+00  0.0000E+00  0.0000E+00  0.0000E+00
Br83  2.5477E-12  4.2247E-12  1.2725E-12  1.7772E-12  0.0000E+00  0.0000E+00  0.0000E+00  0.0000E+00  0.0000E+00
Kr78  1.4349E-10  6.7631E-11  9.8458E-11  1.7984E-10  5.1040E-13  9.3299E-13  1.4135E-12  5.1826E-12  6.3535E-11
Kr79  2.3991E-11  2.4428E-12  6.7769E-12  2.2720E-11  0.0000E+00  0.0000E+00  0.0000E+00  0.0000E+00  0.0000E+00
Kr80  4.6211E-10  5.7122E-10  8.7718E-10  1.4388E-09  3.3636E-12  6.1486E-12  9.3150E-12  3.4154E-11  4.1870E-10
Kr81  4.8485E-11  6.7314E-11  1.5029E-10  2.8390E-10  0.0000E+00  0.0000E+00  0.0000E+00  0.0000E+00  8.1829E-24
Kr82  1.5571E-09  1.9541E-09  3.1021E-09  4.3845E-09  1.7276E-11  3.1578E-11  4.7841E-11  1.7542E-10  2.1505E-09
Kr83  1.3261E-09  1.5764E-09  2.2964E-09  3.1039E-09  1.7323E-11  3.1666E-11  4.7972E-11  1.7589E-10  2.1563E-09
Kr84  6.8896E-09  8.1701E-09  1.1731E-08  1.5611E-08  8.6403E-11  1.5794E-10  2.3928E-10  8.7732E-10  1.0755E-08
Kr85  4.2309E-11  4.9731E-11  2.0529E-10  4.3227E-10  0.0000E+00  0.0000E+00  0.0000E+00  0.0000E+00  0.0000E+00
Kr86  2.1711E-09  2.5143E-09  3.4550E-09  4.3398E-09  2.6751E-11  4.8898E-11  7.4081E-11  2.7163E-10  3.3299E-09
Kr87  9.9819E-15  1.7378E-14  2.0383E-15  1.6796E-14  0.0000E+00  0.0000E+00  0.0000E+00  0.0000E+00  0.0000E+00
Rb79  5.0044E-17  3.9546E-19  1.3046E-18  5.6006E-18  0.0000E+00  0.0000E+00  0.0000E+00  0.0000E+00  0.0000E+00
Rb80  3.2339E-26  9.3499E-23  2.9917E-24  1.2760E-26  0.0000E+00  0.0000E+00  0.0000E+00  0.0000E+00  0.0000E+00
Rb81  1.4691E-12  3.3454E-14  1.0989E-13  5.3135E-13  0.0000E+00  0.0000E+00  0.0000E+00  0.0000E+00  0.0000E+00
Rb82  2.2455E-12  5.6985E-14  1.9462E-13  8.0101E-13  0.0000E+00  0.0000E+00  0.0000E+00  0.0000E+00  0.0000E+00
Rb83  1.2077E-11  6.3260E-12  1.5587E-11  3.5070E-11  0.0000E+00  0.0000E+00  0.0000E+00  0.0000E+00  0.0000E+00
Rb84  2.0336E-12  1.5252E-12  3.8186E-12  8.5967E-12  0.0000E+00  0.0000E+00  0.0000E+00  0.0000E+00  0.0000E+00
Rb85  1.6478E-09  1.9477E-09  2.6292E-09  3.3171E-09  2.0269E-11  3.7051E-11  5.6130E-11  2.0581E-10  2.5230E-09
Rb86  2.0232E-11  3.4832E-11  7.4464E-11  1.3151E-10  0.0000E+00  0.0000E+00  0.0000E+00  0.0000E+00  0.0000E+00
Rb87  7.3075E-10  8.5173E-10  1.1428E-09  1.4379E-09  8.5380E-12  1.5607E-11  2.3645E-11  8.6693E-11  1.0628E-09
Rb88  4.1368E-17  1.0104E-16  1.0660E-16  4.1054E-16  0.0000E+00  0.0000E+00  0.0000E+00  0.0000E+00  0.0000E+00
Sr84  7.5237E-11  8.1339E-11  1.1221E-10  2.2030E-10  3.5320E-13  6.4563E-13  9.7814E-13  3.5864E-12  4.3967E-11
Sr85  1.0167E-11  4.0837E-12  8.6850E-12  2.0236E-11  0.0000E+00  0.0000E+00  0.0000E+00  0.0000E+00  0.0000E+00
Sr86  7.4019E-10  1.0003E-09  1.8718E-09  3.0415E-09  6.3948E-12  1.1689E-11  1.7710E-11  6.4933E-11  7.9603E-10
Sr87  4.2091E-10  5.6268E-10  1.1087E-09  1.8915E-09  4.5210E-12  8.2640E-12  1.2520E-11  4.5908E-11  5.6281E-10
Sr88  4.6192E-09  5.5721E-09  8.6827E-09  1.3219E-08  5.4825E-11  1.0022E-10  1.5183E-10  5.5669E-10  6.8247E-09
Sr89  1.2246E-11  8.1282E-12  3.4856E-11  8.2232E-11  0.0000E+00  0.0000E+00  0.0000E+00  0.0000E+00  0.0000E+00
Sr90  3.9710E-12  6.6509E-13  2.2058E-12  5.3648E-12  0.0000E+00  0.0000E+00  0.0000E+00  0.0000E+00  0.0000E+00
Sr91  3.8310E-14  2.0659E-14  1.5575E-15  1.6781E-14  0.0000E+00  0.0000E+00  0.0000E+00  0.0000E+00  0.0000E+00
Y85   4.8947E-14  1.8591E-16  7.3770E-16  3.8249E-15  0.0000E+00  0.0000E+00  0.0000E+00  0.0000E+00  0.0000E+00
Y86   1.0278E-12  5.5874E-15  2.8216E-14  1.3066E-13  0.0000E+00  0.0000E+00  0.0000E+00  0.0000E+00  0.0000E+00
Y87   9.7899E-12  5.4097E-13  1.8618E-12  5.7982E-12  0.0000E+00  0.0000E+00  0.0000E+00  0.0000E+00  0.0000E+00
Y88   1.5160E-11  1.3790E-12  4.5331E-12  1.2484E-11  0.0000E+00  0.0000E+00  0.0000E+00  0.0000E+00  0.0000E+00
Y89   1.2476E-09  1.4771E-09  2.1750E-09  3.2432E-09  1.4672E-11  2.6821E-11  4.0632E-11  1.4899E-10  1.8265E-09
Y90   1.1801E-12  1.8713E-12  4.2399E-12  1.2250E-11  0.0000E+00  0.0000E+00  0.0000E+00  0.0000E+00  0.0000E+00
Y91   4.3707E-12  2.1635E-12  2.1749E-12  5.3265E-12  0.0000E+00  0.0000E+00  0.0000E+00  0.0000E+00  0.0000E+00
Zr90  1.5197E-09  1.7969E-09  2.5031E-09  3.5418E-09  1.7895E-11  3.2710E-11  4.9560E-11  1.8171E-10  2.2277E-09
Zr91  3.1668E-10  3.7177E-10  5.3075E-10  7.1015E-10  3.9459E-12  7.2127E-12  1.0928E-11  4.0066E-11  4.9118E-10
Zr92  4.9520E-10  5.8511E-10  8.3285E-10  1.1023E-09  6.0977E-12  1.1146E-11  1.6886E-11  6.1915E-11  7.5903E-10
Zr93  9.4436E-12  1.5522E-11  5.2100E-11  1.0022E-10  0.0000E+00  0.0000E+00  0.0000E+00  0.0000E+00  1.7090E-23
Zr94  5.0255E-10  5.8249E-10  8.0987E-10  1.0579E-09  6.3137E-12  1.1541E-11  1.7485E-11  6.4110E-11  7.8594E-10
Zr95  1.9711E-12  1.9915E-12  8.5972E-12  1.7836E-11  0.0000E+00  0.0000E+00  0.0000E+00  0.0000E+00  0.0000E+00
Zr96  3.2284E-12  1.8565E-12  3.8781E-12  7.1617E-12  1.0388E-12  1.8989E-12  2.8768E-12  6.0185E-12  9.0269E-12
Zr97  6.7457E-15  7.5669E-15  2.4390E-16  6.4925E-15  0.0000E+00  0.0000E+00  0.0000E+00  0.0000E+00  0.0000E+00
Nb91  5.8653E-12  9.7466E-13  1.9366E-12  5.0193E-12  0.0000E+00  0.0000E+00  0.0000E+00  0.0000E+00  0.0000E+00
Nb92  3.1381E-13  1.1537E-13  1.9015E-13  4.6034E-13  0.0000E+00  0.0000E+00  0.0000E+00  0.0000E+00  0.0000E+00
Nb93  2.0145E-10  2.2679E-10  2.8610E-10  3.4257E-10  2.7263E-12  4.9839E-12  7.5505E-12  2.7684E-11  3.3939E-10
Nb94  9.9343E-14  5.2885E-14  2.0271E-13  1.2954E-13  0.0000E+00  0.0000E+00  0.0000E+00  0.0000E+00  4.2443E-30
Nb95  2.8519E-13  1.1668E-13  1.5882E-12  2.8693E-12  0.0000E+00  0.0000E+00  0.0000E+00  0.0000E+00  0.0000E+00
Nb96  9.9244E-15  5.9905E-15  9.3565E-14  2.4049E-13  0.0000E+00  0.0000E+00  0.0000E+00  0.0000E+00  0.0000E+00
Nb97  1.5218E-15  1.3846E-15  2.3608E-15  5.6002E-15  0.0000E+00  0.0000E+00  0.0000E+00  0.0000E+00  0.0000E+00
Mo92  9.1162E-11  1.0742E-10  1.3887E-10  1.7132E-10  1.0304E-12  1.8836E-12  2.8536E-12  1.0463E-11  1.2827E-10
Mo93  8.3163E-13  9.2304E-13  1.8218E-12  2.9911E-12  0.0000E+00  0.0000E+00  0.0000E+00  0.0000E+00  0.0000E+00
Mo94  6.9948E-11  8.5736E-11  1.1359E-10  1.4222E-10  6.6329E-13  1.2125E-12  1.8369E-12  6.7350E-12  8.2566E-11
Mo95  9.0837E-11  1.0513E-10  1.3804E-10  1.7208E-10  1.1602E-12  2.1208E-12  3.2130E-12  1.1781E-11  1.4442E-10
Mo96  1.8233E-10  2.1626E-10  2.9150E-10  3.6962E-10  1.2342E-12  2.2560E-12  3.4178E-12  1.7061E-11  2.7391E-10
Mo97  5.7892E-11  6.7924E-11  9.2732E-11  1.1769E-10  7.1797E-13  1.3124E-12  1.9883E-12  7.2902E-12  8.9374E-11
Mo98  1.4948E-10  1.7748E-10  2.4908E-10  3.1568E-10  1.8431E-12  3.3692E-12  5.1044E-12  1.8715E-11  2.2944E-10
Xe132  4.8964E-10  5.7325E-10  7.7968E-10  9.6906E-10  6.1824E-12  1.1301E-11  1.7121E-11  6.2776E-11  7.6959E-10
Xe133  1.0976E-12  2.0977E-12  2.9387E-12  5.7710E-12  0.0000E+00  0.0000E+00  0.0000E+00  0.0000E+00  0.0000E+00
Xe134  1.8795E-10  2.1104E-10  2.7522E-10  3.3253E-10  2.3174E-12  4.2360E-12  6.4178E-12  2.3530E-11  2.8847E-10
Xe135  5.0955E-13  2.6303E-13  3.2161E-14  6.1327E-14  0.0000E+00  0.0000E+00  0.0000E+00  0.0000E+00  0.0000E+00
Cs133  1.2192E-10  1.4011E-10  1.8610E-10  2.2695E-10  1.6254E-12  2.9712E-12  4.5013E-12  1.6504E-11  2.0233E-10
Cs134  1.6411E-13  3.3894E-13  1.3366E-12  2.4275E-12  0.0000E+00  0.0000E+00  0.0000E+00  0.0000E+00  0.0000E+00
Cs135  1.4279E-12  1.8784E-12  4.3888E-12  6.4630E-12  0.0000E+00  0.0000E+00  0.0000E+00  0.0000E+00  3.2759E-24
Cs136  1.4922E-13  1.7488E-13  3.7727E-13  5.8782E-13  0.0000E+00  0.0000E+00  0.0000E+00  0.0000E+00  0.0000E+00
Cs137  5.7374E-13  1.7126E-13  2.1479E-13  3.0883E-13  0.0000E+00  0.0000E+00  0.0000E+00  0.0000E+00  0.0000E+00
Cs138  5.3899E-20  6.3240E-21  3.1717E-22  6.3536E-21  0.0000E+00  0.0000E+00  0.0000E+00  0.0000E+00  0.0000E+00
Ba134  5.4188E-11  6.8974E-11  1.1011E-10  1.4411E-10  4.9831E-13  9.1087E-13  1.3800E-12  5.0598E-12  6.2029E-11
Ba135  1.0121E-10  1.1647E-10  1.5517E-10  1.9099E-10  1.3692E-12  2.5028E-12  3.7918E-12  1.3903E-11  1.7044E-10
Ba136  1.4509E-10  1.8511E-10  3.0131E-10  4.1175E-10  1.6433E-12  3.0039E-12  4.5511E-12  1.6686E-11  2.0456E-10
Ba137  1.8918E-10  2.2351E-10  3.2972E-10  4.4068E-10  2.3674E-12  4.3276E-12  6.5563E-12  2.4039E-11  2.9471E-10
Ba138  1.2376E-09  1.4483E-09  2.0943E-09  2.8432E-09  1.5223E-11  2.7827E-11  4.2159E-11  1.5457E-10  1.8949E-09
Ba139  7.6747E-16  1.3495E-15  2.9057E-17  1.0358E-15  0.0000E+00  0.0000E+00  0.0000E+00  0.0000E+00  0.0000E+00
La138  1.2896E-13  1.5094E-13  1.9954E-13  2.4545E-13  1.6070E-15  2.9376E-15  4.4505E-15  1.6318E-14  2.0004E-13
La139  1.4309E-10  1.6775E-10  2.3877E-10  3.1948E-10  1.7771E-12  3.2486E-12  4.9215E-12  1.8045E-11  2.2122E-10
La140  9.7308E-15  1.9331E-14  6.4512E-16  4.9551E-14  0.0000E+00  0.0000E+00  0.0000E+00  0.0000E+00  0.0000E+00
Ce140  3.8408E-10  4.4887E-10  6.2320E-10  8.0242E-10  4.7856E-12  8.7477E-12  1.3253E-11  4.8593E-11  5.9571E-10
Ce141  3.2789E-13  3.0694E-13  7.6289E-14  1.7596E-12  0.0000E+00  0.0000E+00  0.0000E+00  0.0000E+00  0.0000E+00
Pr141  5.8627E-11  6.8116E-11  9.1582E-11  1.1522E-10  7.5219E-13  1.3750E-12  2.0831E-12  7.6377E-12  9.3633E-11
Pr142  3.8657E-14  8.1813E-14  2.3818E-14  5.0162E-13  0.0000E+00  0.0000E+00  0.0000E+00  0.0000E+00  0.0000E+00
Nd142  8.8238E-11  1.0836E-10  1.5519E-10  2.0203E-10  1.0268E-12  1.8769E-12  2.8435E-12  1.0426E-11  1.2781E-10
Nd143  3.4346E-11  3.9301E-11  5.1356E-11  6.4293E-11  4.5968E-13  8.4027E-13  1.2730E-12  4.6676E-12  5.7221E-11
Nd144  7.3070E-11  8.4604E-11  1.1394E-10  1.4262E-10  9.1359E-13  1.6700E-12  2.5301E-12  9.2766E-12  1.1372E-10
Hg202  7.4386E-11  8.7144E-11  1.2245E-10  1.5699E-10  9.0688E-13  1.6577E-12  2.5115E-12  9.2084E-12  1.1289E-10
Hg203  2.4786E-13  4.4497E-13  8.2765E-14  4.7557E-13  0.0000E+00  0.0000E+00  0.0000E+00  0.0000E+00  0.0000E+00
Hg204  1.6722E-11  1.8860E-11  2.4049E-11  2.8870E-11  2.1072E-13  3.8517E-13  5.8353E-13  2.1396E-12  2.6231E-11
Hg205  4.0023E-22  4.6200E-21  1.5512E-20  1.1511E-20  0.0000E+00  0.0000E+00  0.0000E+00  0.0000E+00  0.0000E+00
Tl203  3.8203E-11  4.4794E-11  6.5014E-11  8.4539E-11  4.8392E-13  8.8459E-13  1.3402E-12  4.9138E-12  6.0240E-11
Tl204  1.1430E-13  2.2987E-13  4.8756E-13  9.3871E-13  0.0000E+00  0.0000E+00  0.0000E+00  0.0000E+00  0.0000E+00
Tl205  9.1945E-11  1.0677E-10  1.4659E-10  1.8581E-10  1.1666E-12  2.1324E-12  3.2306E-12  1.1845E-11  1.4521E-10
Tl206  2.0518E-21  2.5500E-20  3.7039E-19  3.8675E-19  0.0000E+00  0.0000E+00  0.0000E+00  0.0000E+00  0.0000E+00
Pb204  2.0937E-11  2.6471E-11  4.2844E-11  5.8700E-11  2.3288E-13  4.2567E-13  6.4491E-13  2.3645E-12  2.8988E-11
Pb205  5.4367E-13  8.9525E-13  4.0054E-12  7.9318E-12  0.0000E+00  0.0000E+00  0.0000E+00  0.0000E+00  2.2873E-26
Pb206  1.7774E-10  2.0928E-10  2.9949E-10  3.9855E-10  2.1881E-12  3.9997E-12  6.0596E-12  2.2218E-11  2.7238E-10
Pb207  1.9455E-10  2.2628E-10  3.1810E-10  4.1649E-10  2.4331E-12  4.4476E-12  6.7381E-12  2.4706E-11  3.0287E-10
Pb208  5.5943E-10  6.5168E-10  9.0721E-10  1.1686E-09  6.9980E-12  1.2792E-11  1.9380E-11  7.1057E-11  8.7111E-10
Pb209  8.6081E-18  1.5939E-17  9.3101E-20  3.4820E-18  0.0000E+00  0.0000E+00  0.0000E+00  0.0000E+00  0.0000E+00
Bi208  1.8739E-12  3.0065E-12  3.7353E-12  4.4289E-12  0.0000E+00  0.0000E+00  0.0000E+00  0.0000E+00  0.0000E+00
Bi209  7.5270E-11  8.7446E-11  1.1975E-10  1.5108E-10  9.4897E-13  1.7347E-12  2.6280E-12  9.6358E-12  1.1813E-10
