#v=150 km/s  [Fe/H]=0
Isotope 13MSun 15MSun 20MSun 25MSun 30MSun 40MSun 60MSun 80MSun 120MSun
H     4.7318E+00  5.1210E+00  6.2244E+00  7.5858E+00  8.6081E+00  1.1414E+01  1.6706E+01  2.1919E+01  3.2280E+01
H2    2.0492E-16  1.7376E-14  2.4826E-11  5.4809E-10  2.3378E-10  8.4527E-09  2.0336E-07  4.7545E-07  2.6492E-06
H3    4.1460E-25  1.4821E-21  2.1077E-16  4.4136E-14  2.2477E-13  2.6665E-12  1.1431E-11  2.9676E-11  4.7830E-12
He3   2.3450E-04  2.4227E-04  2.7133E-04  3.1257E-04  3.3976E-04  4.0597E-04  5.7468E-04  6.4474E-04  1.0864E-03
He4   3.9292E+00  4.4666E+00  6.3602E+00  8.2765E+00  9.5393E+00  1.3905E+01  2.2195E+01  3.0581E+01  5.7678E+01
Li6   2.5796E-12  4.7380E-12  1.1691E-11  1.9589E-11  2.6127E-11  4.1230E-11  7.9357E-11  5.2262E-11  1.0199E-10
Li7   5.5515E-11  1.0547E-10  2.5745E-10  4.5103E-10  5.5194E-10  7.9742E-10  1.5861E-09  1.0554E-09  1.8031E-09
Be7   3.9224E-12  9.6022E-12  5.4825E-12  1.2672E-11  1.0312E-11  1.4088E-11  2.8885E-10  1.1786E-10  5.6679E-12
Be9   1.8120E-12  3.3548E-12  7.6715E-12  1.4468E-11  1.7802E-11  2.2071E-11  3.7835E-11  2.9294E-11  4.6528E-11
Be10  2.8090E-60  3.9238E-60  4.7817E-60  6.4183E-60  0.0000E+00  0.0000E+00  0.0000E+00  0.0000E+00  0.0000E+00
B10   1.2963E-11  2.3345E-11  5.2057E-11  9.8998E-11  1.2617E-10  1.3847E-10  2.5118E-10  1.9470E-10  2.8299E-10
B11   2.7792E-09  3.0488E-09  3.4023E-09  3.8506E-09  4.3588E-09  5.9488E-09  9.6705E-09  1.0891E-08  2.0904E-08
C12   3.6801E-01  3.6488E-01  1.1122E+00  1.4403E+00  3.0583E-01  5.0343E-01  1.1217E+00  1.7224E+00  2.0353E+00
C13   9.7950E-04  7.5209E-04  2.2750E-03  2.5148E-03  2.6549E-03  2.9202E-03  2.5302E-03  2.5230E-03  2.3489E-03
C14   3.9886E-05  1.6903E-05  2.9091E-05  1.3286E-05  3.7816E-13  6.1831E-13  2.3416E-12  5.6309E-12  3.5049E-11
N13   8.1340E-14  1.1089E-13  1.0302E-13  1.2092E-11  5.0236E-14  7.6669E-14  4.9579E-14  6.1800E-14  3.9384E-14
N14   3.9230E-02  4.1039E-02  6.7973E-02  8.6059E-02  1.0735E-01  1.6137E-01  2.4202E-01  3.3461E-01  5.7103E-01
N15   1.9311E-05  2.2016E-05  9.1011E-06  7.1095E-06  6.3966E-06  8.5546E-06  1.3391E-05  1.7026E-05  3.0993E-05
N16   3.9085E-27  1.6304E-23  5.2559E-23  1.9927E-22  0.0000E+00  0.0000E+00  0.0000E+00  0.0000E+00  0.0000E+00
O15   1.4078E-15  9.5126E-14  1.0515E-13  1.8824E-14  1.5525E-15  2.1933E-15  3.4609E-15  5.5712E-15  6.3392E-15
O16   1.3132E+00  1.9261E+00  2.6180E+00  3.6419E+00  1.0440E-01  1.3790E-01  2.2862E-01  3.5022E-01  3.4542E-01
O17   6.0271E-05  4.8186E-05  7.2572E-05  7.5601E-05  2.8752E-05  3.3774E-05  3.8537E-05  4.3400E-05  6.3648E-05
O18   1.0343E-03  8.9241E-05  7.1036E-05  8.0545E-05  8.3390E-05  9.1915E-05  1.3246E-04  1.5105E-04  3.2317E-04
O19   1.6818E-20  4.3792E-20  2.9551E-19  3.5605E-19  0.0000E+00  0.0000E+00  0.0000E+00  0.0000E+00  0.0000E+00
F17   6.2412E-18  7.6162E-17  1.1897E-18  9.4529E-19  1.3980E-18  1.5833E-18  1.6239E-18  2.1103E-18  1.5464E-18
F18   4.7906E-07  6.5438E-07  2.1887E-07  4.9849E-08  2.5504E-19  2.9504E-19  3.6283E-19  4.7722E-19  3.2125E-19
F19   1.4448E-05  6.5103E-04  1.1413E-04  1.5908E-05  4.6502E-06  6.8404E-06  1.9602E-05  1.3630E-05  2.6429E-05
F20   1.8398E-21  3.3280E-17  4.7584E-17  3.1556E-18  0.0000E+00  0.0000E+00  0.0000E+00  0.0000E+00  0.0000E+00
Ne20  3.4340E-02  6.0858E-02  1.0938E-01  3.6244E-01  2.1331E-02  2.9730E-02  4.5868E-02  6.2004E-02  1.0388E-01
Ne21  2.3028E-04  4.8061E-04  6.4242E-04  7.5906E-04  1.1486E-04  1.3149E-04  1.4588E-04  1.6066E-04  1.6983E-04
Ne22  2.2715E-02  3.1551E-02  2.7964E-02  3.9361E-02  9.6431E-03  1.7518E-02  4.7599E-02  7.6776E-02  1.2013E-01
Ne23  2.9754E-14  7.8093E-14  4.1229E-13  5.6336E-13  0.0000E+00  0.0000E+00  0.0000E+00  0.0000E+00  0.0000E+00
Na21  7.9722E-15  6.8839E-15  2.8887E-14  3.8250E-14  0.0000E+00  0.0000E+00  0.0000E+00  0.0000E+00  0.0000E+00
Na22  1.2715E-07  2.6350E-07  4.9474E-07  9.4936E-07  5.6389E-18  9.8530E-18  2.1598E-17  3.8181E-17  2.1904E-17
Na23  1.4706E-03  1.8254E-03  3.0758E-03  7.2761E-03  2.2428E-03  3.5098E-03  5.9489E-03  8.5665E-03  1.5592E-02
Na24  4.4076E-06  1.8941E-06  8.3526E-06  5.9071E-06  0.0000E+00  0.0000E+00  0.0000E+00  0.0000E+00  0.0000E+00
Mg23  5.5282E-14  1.2426E-13  2.3779E-13  7.7238E-13  0.0000E+00  0.0000E+00  0.0000E+00  0.0000E+00  0.0000E+00
Mg24  1.3753E-02  1.6201E-02  3.6688E-02  9.9776E-02  1.0427E-02  1.4593E-02  2.2628E-02  3.0716E-02  5.1991E-02
Mg25  4.2180E-03  1.3201E-02  1.3303E-02  1.8598E-02  6.2206E-04  7.3699E-04  1.0231E-03  1.3425E-03  1.8959E-03
Mg26  4.3926E-03  1.0228E-02  1.1711E-02  1.6647E-02  2.1758E-03  3.1321E-03  4.8336E-03  6.4706E-03  9.9538E-03
Mg27  9.5620E-12  1.5882E-11  3.8762E-11  4.3594E-11  0.0000E+00  0.0000E+00  0.0000E+00  0.0000E+00  0.0000E+00
Al25  1.1546E-17  9.1092E-18  3.6331E-17  4.2647E-16  0.0000E+00  0.0000E+00  0.0000E+00  0.0000E+00  0.0000E+00
Al26  1.9565E-05  2.8676E-05  8.2157E-05  1.3636E-04  1.3911E-05  3.0391E-05  9.5023E-05  2.1498E-04  5.3049E-04
Alg6  5.6555E-06  5.2459E-06  8.9899E-06  9.8976E-06  1.3911E-05  3.0391E-05  9.5023E-05  2.1498E-04  5.3049E-04
Alm6  8.7212E-14  9.6619E-11  4.5049E-11  8.6195E-13  2.3674E-23  2.7059E-23  3.7167E-23  5.3033E-23  6.0332E-24
Al27  1.8108E-03  2.2424E-03  4.4459E-03  1.3111E-02  1.2493E-03  1.8068E-03  3.0003E-03  4.2728E-03  8.1609E-03
Al28  3.8607E-13  2.3177E-11  1.3406E-12  1.7130E-10  0.0000E+00  0.0000E+00  0.0000E+00  0.0000E+00  0.0000E+00
Si27  3.5516E-18  4.5904E-14  1.7663E-16  1.8304E-13  0.0000E+00  0.0000E+00  0.0000E+00  0.0000E+00  0.0000E+00
Si28  9.9558E-02  1.1004E-01  2.1974E-01  2.8459E-01  1.1544E-02  1.6158E-02  2.5062E-02  3.3997E-02  5.7530E-02
Si29  2.5495E-03  3.2355E-03  5.8399E-03  8.3614E-03  6.0757E-04  8.5073E-04  1.3213E-03  1.7946E-03  3.0306E-03
Si30  3.8621E-03  4.1917E-03  6.8335E-03  1.4187E-02  4.1458E-04  5.8062E-04  9.0221E-04  1.2275E-03  2.0740E-03
Si31  1.6631E-07  1.8973E-07  2.5822E-07  2.4348E-07  0.0000E+00  0.0000E+00  0.0000E+00  0.0000E+00  0.0000E+00
Si32  1.2200E-07  7.4333E-08  1.5599E-07  3.0523E-08  0.0000E+00  0.0000E+00  0.0000E+00  0.0000E+00  0.0000E+00
P29   1.0388E-18  3.6162E-19  3.9556E-18  8.2559E-18  0.0000E+00  0.0000E+00  0.0000E+00  0.0000E+00  0.0000E+00
P30   6.8377E-13  4.1840E-11  6.1732E-12  1.5719E-10  0.0000E+00  0.0000E+00  0.0000E+00  0.0000E+00  0.0000E+00
P31   9.0260E-04  1.0356E-03  2.1773E-03  3.0462E-03  1.1046E-04  1.5479E-04  2.4092E-04  3.3009E-04  5.5695E-04
P32   2.1917E-06  3.7403E-06  5.3411E-06  4.5370E-06  2.3293E-32  3.4580E-32  3.3375E-32  8.5361E-32  2.1544E-32
P33   1.4772E-06  1.9300E-06  3.2730E-06  2.6753E-06  0.0000E+00  0.0000E+00  0.0000E+00  0.0000E+00  0.0000E+00
P34   3.1292E-19  2.1035E-18  1.0796E-18  3.2980E-18  0.0000E+00  0.0000E+00  0.0000E+00  0.0000E+00  0.0000E+00
S31   7.6634E-22  7.3955E-17  5.9449E-20  8.9528E-17  0.0000E+00  0.0000E+00  0.0000E+00  0.0000E+00  0.0000E+00
S32   4.5735E-02  4.9862E-02  8.6271E-02  9.5790E-02  5.5287E-03  7.7370E-03  1.1992E-02  1.6245E-02  2.7499E-02
S33   5.0754E-04  6.2689E-04  1.3824E-03  1.4669E-03  4.8429E-05  6.9342E-05  1.1508E-04  1.7432E-04  2.8092E-04
S34   4.2614E-03  5.3190E-03  9.9255E-03  1.0465E-02  2.6571E-04  3.7201E-04  5.7733E-04  7.8483E-04  1.3262E-03
S35   3.0260E-06  5.0671E-06  6.1843E-06  4.5782E-06  1.5631E-31  2.3156E-31  2.2505E-31  5.3854E-31  1.4315E-31
S36   3.4727E-06  4.6842E-06  5.8574E-06  6.0562E-06  1.3110E-06  1.8350E-06  2.8458E-06  3.8593E-06  6.5297E-06
S37   1.3304E-17  2.3525E-17  8.2420E-17  9.7971E-17  0.0000E+00  0.0000E+00  0.0000E+00  0.0000E+00  0.0000E+00
Cl33  5.6843E-22  1.2426E-22  7.8133E-22  3.4614E-20  0.0000E+00  0.0000E+00  0.0000E+00  0.0000E+00  0.0000E+00
Cl34  3.0797E-22  1.6228E-21  5.7434E-22  3.0045E-21  0.0000E+00  0.0000E+00  0.0000E+00  0.0000E+00  0.0000E+00
Cl35  3.4742E-04  3.8408E-04  7.9568E-04  7.2860E-04  1.1559E-04  1.6166E-04  2.5006E-04  3.3731E-04  5.7173E-04
Cl36  4.3239E-06  6.3541E-06  8.7013E-06  1.0497E-05  1.1621E-07  2.5381E-07  8.5980E-07  2.3204E-06  3.4380E-06
Cl37  6.0149E-05  8.5725E-05  1.1050E-04  1.6455E-04  4.1209E-05  5.8768E-05  9.6285E-05  1.4516E-04  2.3686E-04
Cl38  1.5859E-10  1.3009E-10  3.8363E-10  1.0449E-10  0.0000E+00  0.0000E+00  0.0000E+00  0.0000E+00  0.0000E+00
Ar36  7.8140E-03  7.5187E-03  1.2352E-02  1.4272E-02  1.0548E-03  1.4753E-03  2.2832E-03  3.0827E-03  5.2238E-03
Ar37  3.3910E-05  5.8337E-05  9.3980E-05  7.4212E-05  1.0611E-24  1.5822E-21  1.2782E-21  1.7491E-19  5.0238E-21
Ar38  2.1988E-03  3.1406E-03  4.2758E-03  4.1162E-03  2.0269E-04  2.8364E-04  4.3970E-04  5.9585E-04  1.0084E-03
Ar39  1.7725E-06  4.0264E-06  7.9250E-06  6.0642E-06  1.0358E-24  4.3730E-24  3.8998E-25  2.5927E-24  7.5274E-27
Ar40  1.1497E-06  1.6155E-06  3.6986E-06  2.2850E-06  3.4139E-07  4.7783E-07  7.4115E-07  1.0177E-06  1.7371E-06
Ar41  4.4426E-09  2.7652E-09  1.1077E-08  6.4813E-10  0.0000E+00  0.0000E+00  0.0000E+00  0.0000E+00  0.0000E+00
K37   3.7658E-29  1.0923E-31  1.3600E-29  1.0788E-26  0.0000E+00  0.0000E+00  0.0000E+00  0.0000E+00  0.0000E+00
K38   1.1277E-14  1.4837E-13  2.3467E-13  3.1428E-13  0.0000E+00  0.0000E+00  0.0000E+00  0.0000E+00  0.0000E+00
K39   1.7479E-04  2.5322E-04  3.0287E-04  3.0180E-04  5.3773E-05  7.5269E-05  1.1676E-04  1.5846E-04  2.6809E-04
K40   1.5682E-06  2.6535E-06  2.9704E-06  4.2986E-06  2.0584E-07  3.5090E-07  8.3887E-07  1.8405E-06  2.6841E-06
K41   3.5311E-06  5.1628E-06  6.7571E-06  8.9366E-06  4.0918E-06  5.7240E-06  8.8738E-06  1.2194E-05  2.0472E-05
K42   3.0928E-07  3.2787E-07  6.5152E-07  1.3613E-07  0.0000E+00  0.0000E+00  0.0000E+00  0.0000E+00  0.0000E+00
Ca40  6.7152E-03  5.3209E-03  8.8486E-03  1.1521E-02  1.1703E-03  1.6373E-03  2.5355E-03  3.4278E-03  5.8059E-03
Ca41  1.6732E-05  2.4308E-05  2.9449E-05  3.5523E-05  1.3571E-06  2.6211E-06  7.4270E-06  1.7958E-05  2.6175E-05
Ca42  8.3167E-05  1.3685E-04  1.5562E-04  1.6306E-04  8.3722E-06  1.1814E-05  1.8805E-05  2.8563E-05  4.6220E-05
Ca43  4.0870E-06  7.9954E-06  1.2714E-05  1.6304E-05  1.7622E-06  2.4720E-06  3.8678E-06  5.5254E-06  9.0884E-06
Ca44  2.4741E-05  4.1070E-05  5.5401E-05  7.6252E-05  2.7714E-05  3.8780E-05  6.0091E-05  8.1461E-05  1.3779E-04
Ca45  1.7355E-06  5.0128E-06  9.2702E-06  2.5203E-06  8.0239E-31  1.1878E-30  1.1600E-30  2.6743E-30  7.3044E-31
Ca46  1.6259E-06  2.7928E-06  7.2579E-06  8.8815E-07  5.5544E-08  7.7712E-08  1.2037E-07  1.6286E-07  2.7588E-07
Ca47  5.0521E-07  2.9666E-07  1.2418E-06  2.4128E-08  3.0401E-35  4.4996E-35  4.3562E-35  9.3769E-35  2.7619E-35
Ca48  1.5047E-06  1.6244E-06  2.3153E-06  2.8530E-06  2.7121E-06  3.7958E-06  5.8857E-06  7.9787E-06  1.3502E-05
Ca49  2.5016E-16  4.3483E-16  1.5059E-15  1.8563E-15  0.0000E+00  0.0000E+00  0.0000E+00  0.0000E+00  0.0000E+00
Sc41  6.9544E-42  1.0927E-45  1.2997E-42  1.5571E-33  0.0000E+00  0.0000E+00  0.0000E+00  0.0000E+00  0.0000E+00
Sc42  1.7910E-34  1.9147E-37  6.6309E-35  8.7760E-34  0.0000E+00  0.0000E+00  0.0000E+00  0.0000E+00  0.0000E+00
Sc43  2.7985E-08  3.6546E-09  3.7103E-08  4.1737E-08  0.0000E+00  0.0000E+00  0.0000E+00  0.0000E+00  0.0000E+00
Sc44  4.9434E-09  6.3956E-09  1.3955E-08  1.8579E-08  0.0000E+00  0.0000E+00  0.0000E+00  0.0000E+00  0.0000E+00
Sc45  1.9540E-06  3.4174E-06  3.6493E-06  9.7729E-06  9.0539E-07  1.2819E-06  2.0572E-06  2.9165E-06  4.8518E-06
Sc46  3.5731E-07  9.0236E-07  7.9081E-07  1.6641E-06  2.9587E-31  4.4734E-31  4.2752E-31  1.7601E-30  2.9457E-31
Sc47  4.9841E-07  8.0154E-07  1.6477E-06  4.8227E-07  2.3168E-35  3.4291E-35  3.3204E-35  7.1467E-35  2.1049E-35
Sc48  4.2099E-07  4.0448E-07  9.8060E-07  9.4108E-08  0.0000E+00  0.0000E+00  0.0000E+00  0.0000E+00  0.0000E+00
Sc49  1.7648E-09  9.4288E-10  3.5458E-09  6.9114E-11  0.0000E+00  0.0000E+00  0.0000E+00  0.0000E+00  0.0000E+00
Ti44  2.8268E-05  1.9186E-06  2.7928E-05  3.5065E-05  0.0000E+00  0.0000E+00  0.0000E+00  0.0000E+00  0.0000E+00
Ti45  5.9886E-08  7.6787E-08  8.8375E-08  9.7424E-08  0.0000E+00  0.0000E+00  0.0000E+00  0.0000E+00  0.0000E+00
Ti46  3.6251E-05  8.4261E-05  5.9974E-05  7.3209E-05  4.6731E-06  6.5416E-06  1.0150E-05  1.3838E-05  2.3367E-05
Ti47  4.7946E-06  7.1178E-06  8.4425E-06  1.4653E-05  4.2678E-06  5.9551E-06  9.1499E-06  1.2240E-05  2.0783E-05
Ti48  2.4762E-05  3.0753E-05  3.7144E-05  5.4259E-05  4.3324E-05  6.0512E-05  9.3247E-05  1.2497E-04  2.1228E-04
Ti49  5.3893E-06  9.8061E-06  9.7248E-06  1.3848E-05  3.5321E-06  5.0850E-06  8.5439E-06  1.2959E-05  2.1219E-05
Ti50  7.8899E-06  1.9402E-05  1.8102E-05  2.2630E-05  3.2244E-06  4.5340E-06  7.1358E-06  1.0182E-05  1.6875E-05
Ti51  4.9200E-14  9.9969E-14  2.2883E-13  2.5845E-13  0.0000E+00  0.0000E+00  0.0000E+00  0.0000E+00  0.0000E+00
V45   5.4824E-47  3.3772E-46  1.3474E-46  4.3030E-46  0.0000E+00  0.0000E+00  0.0000E+00  0.0000E+00  0.0000E+00
V46   7.4586E-49  1.1227E-44  1.8213E-47  4.0199E-46  0.0000E+00  0.0000E+00  0.0000E+00  0.0000E+00  0.0000E+00
V47   1.6306E-10  6.8731E-11  1.8254E-10  2.3219E-10  0.0000E+00  0.0000E+00  0.0000E+00  0.0000E+00  0.0000E+00
V48   9.5619E-08  2.2252E-07  1.9927E-07  2.6691E-07  0.0000E+00  0.0000E+00  0.0000E+00  0.0000E+00  0.0000E+00
V49   4.3212E-06  6.5493E-06  6.2268E-06  8.5390E-06  0.0000E+00  0.0000E+00  0.0000E+00  0.0000E+00  0.0000E+00
V50   4.3127E-07  5.9558E-07  8.4419E-07  1.0765E-06  1.4550E-08  2.0291E-08  3.1125E-08  4.1434E-08  7.0501E-08
V51   5.0526E-06  7.2291E-06  8.4257E-06  9.3377E-06  6.0389E-06  8.4813E-06  1.3286E-05  1.8062E-05  3.0522E-05
V52   1.8304E-14  1.4280E-13  8.0560E-14  2.4239E-13  0.0000E+00  0.0000E+00  0.0000E+00  0.0000E+00  0.0000E+00
Cr48  7.7043E-05  1.8884E-06  7.5316E-05  1.0307E-04  0.0000E+00  0.0000E+00  0.0000E+00  0.0000E+00  0.0000E+00
Cr49  7.8903E-09  1.1687E-08  8.3861E-09  1.0975E-08  0.0000E+00  0.0000E+00  0.0000E+00  0.0000E+00  0.0000E+00
Cr50  6.8022E-05  3.8568E-03  1.1070E-04  1.1535E-04  1.2962E-05  1.8073E-05  2.7706E-05  3.6855E-05  6.2712E-05
Cr51  1.0494E-05  1.5096E-04  1.3944E-05  1.6285E-05  4.2464E-25  6.4116E-22  5.6723E-22  5.8292E-20  3.0154E-21
Cr52  1.5586E-04  3.6354E-03  2.3986E-04  3.0660E-04  2.6247E-04  3.6723E-04  5.6886E-04  7.6992E-04  1.3039E-03
Cr53  1.5149E-05  1.7983E-05  2.3684E-05  3.0792E-05  3.0215E-05  4.2225E-05  6.5203E-05  8.7659E-05  1.4840E-04
Cr54  1.1960E-05  1.8526E-05  2.6723E-05  3.4133E-05  8.1729E-06  1.1682E-05  1.9253E-05  2.8999E-05  4.7471E-05
Cr55  3.1481E-14  6.5381E-14  2.3072E-13  2.9303E-13  0.0000E+00  0.0000E+00  0.0000E+00  0.0000E+00  0.0000E+00
Mn50  3.2922E-57  8.4515E-54  9.2340E-57  3.4074E-55  0.0000E+00  0.0000E+00  0.0000E+00  0.0000E+00  0.0000E+00
Mn51  2.2924E-08  5.9998E-08  2.3968E-08  2.8127E-08  0.0000E+00  0.0000E+00  0.0000E+00  0.0000E+00  0.0000E+00
Mn52  1.5503E-04  3.2133E-05  1.4944E-04  2.2131E-04  0.0000E+00  0.0000E+00  0.0000E+00  0.0000E+00  0.0000E+00
Mn53  7.1656E-05  2.0508E-03  8.1052E-05  1.0254E-04  0.0000E+00  0.0000E+00  0.0000E+00  0.0000E+00  0.0000E+00
Mn54  4.2082E-07  6.2997E-06  9.6139E-07  9.3968E-07  0.0000E+00  0.0000E+00  0.0000E+00  0.0000E+00  0.0000E+00
Mn55  1.1189E-04  1.0938E-04  1.4785E-04  1.9563E-04  2.1096E-04  2.9853E-04  4.7782E-04  6.6667E-04  1.1159E-03
Mn56  3.4220E-08  4.5736E-08  9.7092E-08  7.5366E-08  0.0000E+00  0.0000E+00  0.0000E+00  0.0000E+00  0.0000E+00
Mn57  1.5566E-19  4.6397E-17  4.6110E-18  6.6741E-17  0.0000E+00  0.0000E+00  0.0000E+00  0.0000E+00  0.0000E+00
Fe52  4.6932E-04  4.3400E-05  4.5027E-04  6.6746E-04  0.0000E+00  0.0000E+00  0.0000E+00  0.0000E+00  0.0000E+00
Fe53  3.8941E-14  3.7029E-13  4.6494E-13  7.5797E-13  0.0000E+00  0.0000E+00  0.0000E+00  0.0000E+00  0.0000E+00
Fe54  3.5146E-03  2.7667E-01  4.9587E-03  5.8175E-03  1.3688E-03  1.9108E-03  2.9399E-03  3.9279E-03  6.6754E-03
Fe55  9.5570E-05  8.2661E-03  1.3015E-04  1.5763E-04  6.0703E-14  3.4410E-13  1.9429E-11  3.4710E-10  8.4228E-10
Fe56  1.1276E-02  3.6428E-02  1.6157E-02  2.1236E-02  2.2415E-02  3.1355E-02  4.8552E-02  6.5661E-02  1.1124E-01
Fe57  4.0711E-04  5.5422E-04  6.8142E-04  9.6452E-04  5.5263E-04  7.8705E-04  1.2851E-03  1.8679E-03  3.0705E-03
Fe58  3.4807E-04  6.7895E-04  1.0684E-03  1.4112E-03  8.0254E-05  1.1736E-04  2.0694E-04  3.7962E-04  5.6890E-04
Fe59  3.6072E-05  1.2546E-04  3.6090E-04  7.7849E-05  1.8970E-30  2.9772E-30  2.7445E-30  5.7115E-29  2.9753E-30
Fe60  8.0716E-05  7.0059E-05  4.2015E-04  1.6791E-05  6.8041E-13  1.3021E-12  1.4812E-11  2.8111E-10  7.1848E-10
Fe61  1.6237E-14  2.7936E-15  7.5466E-14  1.5251E-14  0.0000E+00  0.0000E+00  0.0000E+00  0.0000E+00  0.0000E+00
Co54  2.8090E-60  3.9238E-60  4.7817E-60  6.4183E-60  0.0000E+00  0.0000E+00  0.0000E+00  0.0000E+00  0.0000E+00
Co55  2.7555E-04  8.5724E-04  2.6962E-04  3.4393E-04  0.0000E+00  0.0000E+00  0.0000E+00  0.0000E+00  0.0000E+00
Co56  2.1338E-06  1.2530E-04  2.4748E-06  2.7774E-06  0.0000E+00  0.0000E+00  0.0000E+00  0.0000E+00  0.0000E+00
Co57  1.3260E-04  1.1886E-03  1.3387E-04  1.3663E-04  0.0000E+00  0.0000E+00  0.0000E+00  0.0000E+00  0.0000E+00
Co58  3.1760E-07  2.1587E-06  9.7411E-07  3.6421E-06  0.0000E+00  0.0000E+00  0.0000E+00  0.0000E+00  0.0000E+00
Co59  1.2572E-04  1.5656E-04  2.0103E-04  5.7307E-04  7.9643E-05  1.1144E-04  1.7300E-04  2.4129E-04  4.0084E-04
Co60  1.7386E-05  2.5314E-05  4.8574E-05  5.4134E-05  1.2492E-18  2.3857E-18  2.7067E-17  5.1321E-16  1.3133E-15
Co61  2.6000E-06  1.5130E-06  5.9675E-06  1.3815E-06  0.0000E+00  0.0000E+00  0.0000E+00  0.0000E+00  0.0000E+00
Ni56  7.0000E-02  2.8995E-03  7.0000E-02  7.0000E-02  0.0000E+00  0.0000E+00  0.0000E+00  0.0000E+00  0.0000E+00
Ni57  2.4678E-03  7.0431E-04  2.3713E-03  2.3330E-03  0.0000E+00  0.0000E+00  0.0000E+00  0.0000E+00  0.0000E+00
Ni58  4.9625E-03  2.5784E-02  5.1972E-03  5.4101E-03  8.9970E-04  1.2564E-03  1.9347E-03  2.5917E-03  4.4046E-03
Ni59  1.4874E-04  1.9650E-04  1.4123E-04  1.5933E-04  3.9273E-06  7.5978E-06  2.1549E-05  4.1320E-05  6.3275E-05
Ni60  1.7771E-03  1.2092E-03  2.0372E-03  2.4176E-03  3.6049E-04  5.0454E-04  7.8258E-04  1.0696E-03  1.8033E-03
Ni61  1.4773E-04  1.1592E-04  2.8464E-04  2.9070E-04  1.7535E-05  2.5371E-05  4.3257E-05  6.6877E-05  1.0827E-04
Ni62  2.9672E-04  4.3046E-04  6.9251E-04  1.0348E-03  5.2101E-05  7.3195E-05  1.1488E-04  1.6330E-04  2.7093E-04
Ni63  3.8983E-05  9.8410E-05  1.4767E-04  1.7210E-04  1.1176E-25  6.0746E-25  1.4814E-25  6.7413E-25  8.4092E-27
Ni64  1.4311E-04  2.7031E-04  3.8977E-04  3.8184E-04  1.3609E-05  1.9063E-05  2.9645E-05  4.0818E-05  6.8682E-05
Ni65  1.6225E-06  1.6514E-06  6.4002E-06  3.7012E-07  0.0000E+00  0.0000E+00  0.0000E+00  0.0000E+00  0.0000E+00
Cu57  2.8090E-60  3.9238E-60  4.7817E-60  6.4183E-60  0.0000E+00  0.0000E+00  0.0000E+00  0.0000E+00  0.0000E+00
Cu58  1.2801E-37  6.8378E-33  9.5961E-35  3.4923E-32  0.0000E+00  0.0000E+00  0.0000E+00  0.0000E+00  0.0000E+00
Cu59  1.5358E-19  1.8171E-18  3.3200E-18  5.6179E-18  0.0000E+00  0.0000E+00  0.0000E+00  0.0000E+00  0.0000E+00
Cu60  4.2673E-08  2.0849E-13  3.9992E-08  3.8873E-08  0.0000E+00  0.0000E+00  0.0000E+00  0.0000E+00  0.0000E+00
Cu61  3.0428E-05  6.1310E-08  2.8605E-05  2.7706E-05  0.0000E+00  0.0000E+00  0.0000E+00  0.0000E+00  0.0000E+00
Cu62  3.4963E-07  5.0263E-11  3.7248E-07  3.6179E-07  0.0000E+00  0.0000E+00  0.0000E+00  0.0000E+00  0.0000E+00
Cu63  3.2714E-05  4.6583E-05  6.5366E-05  1.2854E-04  9.5937E-06  1.3567E-05  2.1718E-05  3.2278E-05  5.2905E-05
Cu64  2.4282E-06  3.2688E-06  6.7284E-06  1.0907E-05  3.1821E-32  4.8001E-32  4.5428E-32  2.9370E-31  3.3208E-32
Cu65  8.5442E-05  1.6098E-04  2.0649E-04  2.5045E-04  4.4511E-06  6.3157E-06  1.0204E-05  1.4910E-05  2.4368E-05
Cu66  2.5063E-12  9.1234E-12  2.0480E-11  2.4170E-11  0.0000E+00  0.0000E+00  0.0000E+00  0.0000E+00  0.0000E+00
Zn60  3.8205E-22  5.0112E-23  3.8188E-22  4.3262E-22  0.0000E+00  0.0000E+00  0.0000E+00  0.0000E+00  0.0000E+00
Zn61  1.9866E-24  1.9621E-21  2.0734E-22  2.9528E-21  0.0000E+00  0.0000E+00  0.0000E+00  0.0000E+00  0.0000E+00
Zn62  5.6415E-04  7.1271E-08  5.6587E-04  5.5455E-04  0.0000E+00  0.0000E+00  0.0000E+00  0.0000E+00  0.0000E+00
Zn63  1.2613E-09  1.6149E-12  1.1436E-09  1.6029E-09  0.0000E+00  0.0000E+00  0.0000E+00  0.0000E+00  0.0000E+00
Zn64  3.3161E-05  4.1563E-05  6.5882E-05  1.0756E-04  1.5546E-05  2.1728E-05  3.3560E-05  4.5758E-05  7.7039E-05
Zn65  5.7399E-06  7.0534E-06  1.2328E-05  2.0462E-05  2.0045E-27  5.9509E-27  5.8996E-27  1.2886E-26  1.3126E-27
Zn66  1.1113E-04  2.0266E-04  3.1903E-04  3.2520E-04  9.2115E-06  1.2882E-05  1.9930E-05  2.7116E-05  4.5829E-05
Zn67  9.2015E-06  2.4137E-05  2.1850E-05  4.4913E-05  1.3904E-06  1.9525E-06  3.0594E-06  4.2028E-06  7.0799E-06
Zn68  5.5688E-05  1.9140E-04  1.3541E-04  2.6904E-04  6.4191E-06  8.9982E-06  1.4021E-05  1.9233E-05  3.2405E-05
Zn69  9.0693E-09  4.5141E-08  1.8754E-08  3.4321E-08  0.0000E+00  0.0000E+00  0.0000E+00  0.0000E+00  0.0000E+00
Zn70  1.6602E-05  5.0197E-05  4.2495E-05  1.0452E-05  2.1678E-07  3.0294E-07  4.6768E-07  6.2844E-07  1.0667E-06
Zn71  6.5361E-19  2.6823E-18  1.1144E-17  1.5820E-17  0.0000E+00  0.0000E+00  0.0000E+00  0.0000E+00  0.0000E+00
Ga62  2.8090E-60  3.9238E-60  4.7817E-60  6.4183E-60  0.0000E+00  0.0000E+00  0.0000E+00  0.0000E+00  0.0000E+00
Ga63  2.7339E-32  2.8655E-29  3.2564E-30  1.3083E-28  0.0000E+00  0.0000E+00  0.0000E+00  0.0000E+00  0.0000E+00
Ga64  5.4112E-26  1.5263E-23  8.1543E-24  1.0865E-23  0.0000E+00  0.0000E+00  0.0000E+00  0.0000E+00  0.0000E+00
Ga65  2.4720E-13  1.5928E-14  2.5061E-13  2.6926E-13  0.0000E+00  0.0000E+00  0.0000E+00  0.0000E+00  0.0000E+00
Ga66  5.1836E-06  1.9586E-10  5.4591E-06  5.1157E-06  0.0000E+00  0.0000E+00  0.0000E+00  0.0000E+00  0.0000E+00
Ga67  1.0563E-07  4.6366E-08  5.8496E-07  3.4454E-07  0.0000E+00  0.0000E+00  0.0000E+00  0.0000E+00  0.0000E+00
Ga68  5.2468E-10  3.2475E-10  3.3611E-09  2.0814E-09  0.0000E+00  0.0000E+00  0.0000E+00  0.0000E+00  0.0000E+00
Ga69  1.0154E-05  3.2702E-05  2.9260E-05  4.5570E-05  6.3829E-07  8.9837E-07  1.4163E-06  1.9765E-06  3.3193E-06
Ga70  2.5832E-11  5.2640E-11  8.0998E-11  9.8332E-11  0.0000E+00  0.0000E+00  0.0000E+00  0.0000E+00  0.0000E+00
Ga71  1.1093E-05  3.4888E-05  2.9035E-05  3.7060E-05  4.3359E-07  6.0940E-07  9.5707E-07  1.3393E-06  2.2384E-06
Ga72  1.0303E-06  4.1343E-06  2.5573E-06  1.4105E-06  0.0000E+00  0.0000E+00  0.0000E+00  0.0000E+00  0.0000E+00
Ge64  1.7907E-34  5.5089E-32  4.0742E-32  1.7286E-31  0.0000E+00  0.0000E+00  0.0000E+00  0.0000E+00  0.0000E+00
Ge65  1.6008E-35  4.8860E-31  4.1953E-32  1.8737E-31  0.0000E+00  0.0000E+00  0.0000E+00  0.0000E+00  0.0000E+00
Ge66  1.0349E-06  1.5707E-14  1.0887E-06  1.0208E-06  0.0000E+00  0.0000E+00  0.0000E+00  0.0000E+00  0.0000E+00
Ge67  9.4789E-15  1.9304E-17  9.2153E-15  1.3838E-14  0.0000E+00  0.0000E+00  0.0000E+00  0.0000E+00  0.0000E+00
Ge68  3.0186E-08  4.2123E-08  1.8603E-07  1.7171E-07  0.0000E+00  0.0000E+00  0.0000E+00  0.0000E+00  0.0000E+00
Ge69  6.5589E-09  1.0753E-08  4.4801E-08  4.1228E-08  0.0000E+00  0.0000E+00  0.0000E+00  0.0000E+00  0.0000E+00
Ge70  1.4354E-05  4.1205E-05  5.4776E-05  6.2037E-05  9.0657E-07  1.2723E-06  1.9890E-06  2.7688E-06  4.6466E-06
Ge71  1.2824E-06  3.8022E-06  5.2793E-06  5.0853E-06  3.5638E-32  5.2998E-32  5.1029E-32  1.6013E-31  3.3819E-32
Ge72  1.5612E-05  5.0134E-05  5.5198E-05  6.0273E-05  1.2199E-06  1.7058E-06  2.6381E-06  3.5867E-06  6.0562E-06
Ge73  2.5738E-06  8.6123E-06  6.9838E-06  1.1750E-05  3.4737E-07  4.8584E-07  7.5195E-07  1.0197E-06  1.7224E-06
Ge74  1.2744E-05  5.3029E-05  3.5341E-05  6.3222E-05  1.6615E-06  2.3281E-06  3.6229E-06  4.9406E-06  8.3404E-06
Ge75  3.6077E-09  3.1673E-08  6.3958E-09  2.7287E-08  0.0000E+00  0.0000E+00  0.0000E+00  0.0000E+00  0.0000E+00
Ge76  3.0983E-06  2.4151E-05  8.4707E-06  6.7458E-06  3.5535E-07  4.9658E-07  7.6649E-07  1.0297E-06  1.7478E-06
Ge77  7.4717E-07  2.1106E-06  2.0299E-06  3.4975E-08  0.0000E+00  0.0000E+00  0.0000E+00  0.0000E+00  0.0000E+00
As71  2.9503E-10  3.8900E-10  2.7389E-09  1.7635E-09  0.0000E+00  0.0000E+00  0.0000E+00  0.0000E+00  0.0000E+00
As72  4.5319E-10  6.3770E-10  5.8125E-09  3.9691E-09  0.0000E+00  0.0000E+00  0.0000E+00  0.0000E+00  0.0000E+00
As73  1.1092E-07  1.5090E-07  6.6969E-07  4.1290E-07  0.0000E+00  0.0000E+00  0.0000E+00  0.0000E+00  0.0000E+00
As74  1.9156E-08  3.2418E-08  1.5572E-07  9.9963E-08  0.0000E+00  0.0000E+00  0.0000E+00  0.0000E+00  0.0000E+00
As75  3.1626E-06  1.4239E-05  1.0215E-05  1.5790E-05  2.0599E-07  2.8797E-07  4.4503E-07  6.0364E-07  1.0210E-06
As76  5.9211E-08  2.7108E-07  2.2636E-07  5.7290E-07  0.0000E+00  0.0000E+00  0.0000E+00  0.0000E+00  0.0000E+00
As77  1.0840E-06  9.9848E-06  4.3653E-06  4.7831E-06  0.0000E+00  0.0000E+00  0.0000E+00  0.0000E+00  0.0000E+00
Se74  9.7259E-07  3.1116E-06  5.1165E-06  3.7954E-06  1.9377E-08  2.6864E-08  4.0439E-08  5.3568E-08  9.1390E-08
Se75  4.6842E-08  1.3990E-07  2.9156E-07  2.6552E-07  2.7423E-32  3.9744E-32  3.9424E-32  5.4418E-32  2.4035E-32
Se76  4.1478E-06  1.5711E-05  1.7791E-05  1.7094E-05  2.2023E-07  3.1074E-07  4.9363E-07  6.8622E-07  1.1515E-06
Se77  1.0498E-06  4.6109E-06  3.2910E-06  4.1485E-06  1.7678E-07  2.4708E-07  3.8139E-07  5.1992E-07  8.7960E-07
Se78  5.9202E-06  2.2284E-05  1.8232E-05  2.2053E-05  5.6533E-07  7.9395E-07  1.2439E-06  1.7224E-06  2.8930E-06
Se79  8.0491E-07  2.8776E-06  2.8034E-06  3.3234E-06  4.0712E-14  6.8961E-14  1.7130E-13  5.1332E-13  2.6575E-12
Se80  3.1716E-06  1.3377E-05  1.2649E-05  1.6400E-05  1.1901E-06  1.6610E-06  2.5537E-06  3.4185E-06  5.8220E-06
Se81  1.7176E-12  2.9022E-13  1.9588E-12  2.0626E-12  0.0000E+00  0.0000E+00  0.0000E+00  0.0000E+00  0.0000E+00
Se82  8.9637E-07  6.6868E-06  2.1042E-06  4.0585E-06  2.1591E-07  3.0197E-07  4.6727E-07  6.3071E-07  1.0689E-06
Se83  1.3373E-12  3.6624E-12  3.6590E-12  8.9741E-14  0.0000E+00  0.0000E+00  0.0000E+00  0.0000E+00  0.0000E+00
Br75  4.6607E-14  1.6836E-13  6.2201E-13  2.4664E-13  0.0000E+00  0.0000E+00  0.0000E+00  0.0000E+00  0.0000E+00
Br76  1.4942E-11  1.8765E-11  1.6791E-10  1.2603E-10  0.0000E+00  0.0000E+00  0.0000E+00  0.0000E+00  0.0000E+00
Br77  1.9897E-09  4.5946E-09  1.9513E-08  1.0440E-08  0.0000E+00  0.0000E+00  0.0000E+00  0.0000E+00  0.0000E+00
Br78  4.8246E-16  9.6235E-14  1.3919E-14  3.9368E-14  0.0000E+00  0.0000E+00  0.0000E+00  0.0000E+00  0.0000E+00
Br79  3.1653E-07  1.1103E-06  8.9817E-07  1.2651E-06  1.8755E-07  2.6049E-07  3.9420E-07  5.3039E-07  9.0243E-07
Br80  2.9411E-12  1.2450E-11  1.3721E-11  1.5215E-11  0.0000E+00  0.0000E+00  0.0000E+00  0.0000E+00  0.0000E+00
Br81  7.6433E-07  3.5014E-06  2.8949E-06  4.2851E-06  1.9227E-07  2.6919E-07  4.1774E-07  5.6127E-07  9.5183E-07
Br82  1.1680E-08  5.8696E-08  3.2386E-08  1.6542E-07  0.0000E+00  0.0000E+00  0.0000E+00  0.0000E+00  0.0000E+00
Br83  4.5538E-08  3.3965E-07  1.3543E-07  2.9103E-07  0.0000E+00  0.0000E+00  0.0000E+00  0.0000E+00  0.0000E+00
Kr78  6.1432E-08  1.8395E-07  2.0601E-07  1.8336E-07  6.7574E-09  9.3688E-09  1.4107E-08  1.8683E-08  3.1890E-08
Kr79  2.6239E-09  8.4467E-09  8.1671E-09  8.0138E-09  0.0000E+00  0.0000E+00  0.0000E+00  0.0000E+00  0.0000E+00
Kr80  7.3549E-07  2.7595E-06  1.5775E-06  2.6059E-06  4.9857E-08  7.1795E-08  1.2133E-07  1.7309E-07  2.8263E-07
Kr81  1.4868E-07  6.2318E-07  2.5251E-07  5.9633E-07  1.4310E-09  2.9220E-09  9.2322E-09  1.6996E-08  2.4033E-08
Kr82  2.0456E-06  8.7944E-06  6.4005E-06  7.3713E-06  2.4414E-07  3.4659E-07  5.5986E-07  8.0450E-07  1.3333E-06
Kr83  1.0787E-06  5.2676E-06  3.1403E-06  4.6087E-06  2.3273E-07  3.2456E-07  4.9774E-07  6.7910E-07  1.1454E-06
Kr84  3.8960E-06  1.5346E-05  1.0591E-05  1.3545E-05  1.1719E-06  1.6394E-06  2.5388E-06  3.4356E-06  5.8075E-06
Kr85  7.7338E-07  3.2571E-06  2.6240E-06  3.0036E-06  1.3136E-29  1.9596E-29  2.3526E-29  4.8782E-29  1.1986E-29
Kr86  1.8021E-06  1.1784E-05  6.8929E-06  7.6834E-06  3.6334E-07  5.0845E-07  7.8812E-07  1.0680E-06  1.8083E-06
Kr87  2.0240E-10  5.5357E-10  5.4715E-10  3.0104E-11  0.0000E+00  0.0000E+00  0.0000E+00  0.0000E+00  0.0000E+00
Rb79  1.5840E-17  1.8594E-16  1.7602E-16  1.8453E-16  0.0000E+00  0.0000E+00  0.0000E+00  0.0000E+00  0.0000E+00
Rb80  2.2406E-22  6.4216E-19  1.2241E-20  1.5688E-18  0.0000E+00  0.0000E+00  0.0000E+00  0.0000E+00  0.0000E+00
Rb81  2.8147E-12  1.5928E-11  2.1034E-11  1.0272E-11  0.0000E+00  0.0000E+00  0.0000E+00  0.0000E+00  0.0000E+00
Rb82  1.2117E-12  3.9065E-12  1.2639E-11  9.8932E-12  0.0000E+00  0.0000E+00  0.0000E+00  0.0000E+00  0.0000E+00
Rb83  1.8999E-09  1.0994E-08  8.7920E-09  1.2388E-08  0.0000E+00  0.0000E+00  0.0000E+00  0.0000E+00  0.0000E+00
Rb84  1.4613E-10  6.9910E-10  7.8047E-10  1.1549E-09  0.0000E+00  0.0000E+00  0.0000E+00  0.0000E+00  0.0000E+00
Rb85  4.7586E-07  2.0109E-06  1.0607E-06  1.8386E-06  2.7421E-07  3.8315E-07  5.9122E-07  7.9677E-07  1.3507E-06
Rb86  1.1246E-07  4.8424E-07  4.1651E-07  4.8867E-07  6.3598E-32  9.3903E-32  9.1198E-32  1.9292E-31  5.7325E-32
Rb87  8.0634E-07  7.0656E-06  3.6430E-06  3.9926E-06  1.1585E-07  1.6208E-07  2.5100E-07  3.3929E-07  5.7469E-07
Rb88  1.0291E-13  8.7256E-14  1.4687E-13  7.6143E-14  0.0000E+00  0.0000E+00  0.0000E+00  0.0000E+00  0.0000E+00
Sr84  5.9631E-08  3.5158E-07  1.8782E-07  1.9238E-07  4.6688E-09  6.4699E-09  9.7287E-09  1.2892E-08  2.1998E-08
Sr85  2.5713E-09  1.8571E-08  8.2302E-09  1.1196E-08  3.7385E-33  5.4125E-33  5.3709E-33  7.3826E-33  3.2791E-33
Sr86  8.5228E-07  3.9566E-06  1.4538E-06  2.9457E-06  9.6701E-08  1.4025E-07  2.4035E-07  3.6742E-07  5.9952E-07
Sr87  5.6969E-07  2.3178E-06  8.5162E-07  1.8958E-06  6.3399E-08  8.9795E-08  1.4419E-07  2.1697E-07  3.5523E-07
Sr88  3.8204E-06  2.0871E-05  8.5088E-06  1.2311E-05  7.4631E-07  1.0453E-06  1.6251E-06  2.2303E-06  3.7531E-06
Sr89  1.5418E-07  1.1149E-06  7.5960E-07  2.0423E-07  7.1023E-33  1.0528E-32  1.0206E-32  2.8632E-32  6.5960E-33
Sr90  1.3766E-07  7.8465E-07  6.5388E-07  5.1512E-08  0.0000E+00  0.0000E+00  0.0000E+00  0.0000E+00  0.0000E+00
Sr91  7.2107E-09  1.6579E-08  2.4511E-08  6.5583E-11  0.0000E+00  0.0000E+00  0.0000E+00  0.0000E+00  0.0000E+00
Y85   7.6165E-14  6.1151E-13  1.7512E-13  1.0966E-13  0.0000E+00  0.0000E+00  0.0000E+00  0.0000E+00  0.0000E+00
Y86   2.9126E-13  2.7624E-12  8.7681E-13  6.1972E-13  0.0000E+00  0.0000E+00  0.0000E+00  0.0000E+00  0.0000E+00
Y87   8.9623E-11  1.0043E-09  3.8628E-10  3.0492E-10  0.0000E+00  0.0000E+00  0.0000E+00  0.0000E+00  0.0000E+00
Y88   1.1803E-10  1.1332E-09  5.3192E-10  6.4053E-10  0.0000E+00  0.0000E+00  0.0000E+00  0.0000E+00  0.0000E+00
Y89   5.6284E-07  2.5657E-06  1.0257E-06  1.9672E-06  1.9957E-07  2.7944E-07  4.3395E-07  5.9077E-07  9.9763E-07
Y90   2.8519E-09  1.9979E-08  5.4737E-09  1.9571E-08  0.0000E+00  0.0000E+00  0.0000E+00  0.0000E+00  0.0000E+00
Y91   3.2518E-08  2.1454E-07  9.2357E-08  5.7380E-08  0.0000E+00  0.0000E+00  0.0000E+00  0.0000E+00  0.0000E+00
Zr90  4.6247E-07  1.7377E-06  8.4250E-07  1.3596E-06  2.4316E-07  3.4034E-07  5.2780E-07  7.1611E-07  1.2115E-06
Zr91  9.0243E-08  3.7331E-07  2.4002E-07  2.5951E-07  5.3704E-08  7.5217E-08  1.1689E-07  1.5894E-07  2.6850E-07
Zr92  1.2544E-07  5.3903E-07  3.4885E-07  4.1088E-07  8.3065E-08  1.1638E-07  1.8102E-07  2.4686E-07  4.1678E-07
Zr93  2.4240E-08  1.3192E-07  7.9982E-08  8.3493E-08  3.9083E-10  7.6141E-10  2.1873E-09  4.8870E-09  7.3396E-09
Zr94  9.5754E-08  3.4920E-07  2.4231E-07  2.6149E-07  8.5519E-08  1.1956E-07  1.8482E-07  2.5049E-07  4.2378E-07
Zr95  7.9306E-09  5.3693E-08  4.0617E-08  1.5007E-08  7.0173E-33  1.0368E-32  1.0090E-32  2.2623E-32  6.3874E-33
Zr96  2.7356E-08  1.3591E-07  1.4431E-07  1.6668E-08  0.0000E+00  0.0000E+00  0.0000E+00  0.0000E+00  0.0000E+00
Zr97  3.6003E-10  4.0550E-10  1.4919E-09  7.1902E-12  0.0000E+00  0.0000E+00  0.0000E+00  0.0000E+00  0.0000E+00
Nb91  2.7494E-10  6.0456E-10  5.5486E-10  1.0009E-09  0.0000E+00  0.0000E+00  0.0000E+00  0.0000E+00  0.0000E+00
Nb92  2.9605E-11  8.8284E-11  7.8630E-11  1.4498E-10  0.0000E+00  0.0000E+00  0.0000E+00  0.0000E+00  0.0000E+00
Nb93  1.6330E-08  1.8371E-08  2.4995E-08  3.2223E-08  3.6154E-08  5.0146E-08  7.5610E-08  1.0030E-07  1.7100E-07
Nb94  1.6969E-11  7.2455E-11  5.0027E-11  8.4759E-11  3.7676E-20  4.6997E-20  6.7891E-20  6.8838E-20  1.3187E-20
Nb95  4.4196E-10  2.0964E-09  1.2542E-09  1.2804E-09  3.8302E-33  5.6594E-33  5.5175E-33  1.2361E-32  3.4866E-33
Nb96  5.7589E-12  2.0186E-11  2.0064E-11  5.5142E-11  0.0000E+00  0.0000E+00  0.0000E+00  0.0000E+00  0.0000E+00
Nb97  2.7298E-11  3.2940E-11  1.1359E-10  6.2988E-12  0.0000E+00  0.0000E+00  0.0000E+00  0.0000E+00  0.0000E+00
Mo92  1.4116E-08  2.1590E-08  2.1984E-08  3.7283E-08  1.3821E-08  1.9253E-08  2.9433E-08  3.9066E-08  6.6522E-08
Mo93  1.8251E-10  7.8251E-10  5.2102E-10  1.1580E-09  5.6575E-17  3.0825E-16  6.0482E-15  3.6726E-14  3.0107E-14
Mo94  6.5126E-09  1.4372E-08  1.3820E-08  2.3654E-08  9.6446E-09  1.3793E-08  2.2798E-08  3.0498E-08  5.1495E-08
Mo95  8.7147E-09  1.4708E-08  1.2531E-08  2.0781E-08  1.5770E-08  2.2073E-08  3.4220E-08  4.6172E-08  7.8348E-08
Mo96  2.2684E-08  3.8664E-08  3.1829E-08  6.0528E-08  3.1015E-08  4.3478E-08  6.7729E-08  9.2239E-08  1.5602E-07
Mo97  6.8559E-09  1.3049E-08  1.1777E-08  1.8148E-08  9.8149E-09  1.3767E-08  2.1483E-08  2.9354E-08  4.9612E-08
Mo98  1.9731E-08  3.8103E-08  3.1762E-08  5.1656E-08  2.5273E-08  3.5492E-08  5.5582E-08  7.6754E-08  1.2928E-07
Xe132  5.4293E-08  9.3536E-08  8.4290E-08  1.3959E-07  8.3748E-08  1.1709E-07  1.8098E-07  2.4516E-07  4.1492E-07
Xe133  1.4275E-09  6.8380E-09  5.0771E-09  5.4774E-09  1.2598E-33  1.8614E-33  1.8056E-33  3.9575E-33  1.1458E-33
Xe134  1.9383E-08  4.6730E-08  4.8162E-08  3.8929E-08  3.1369E-08  4.3843E-08  6.7692E-08  9.1007E-08  1.5445E-07
Xe135  1.4194E-09  3.7769E-09  3.8381E-09  1.7342E-10  0.0000E+00  0.0000E+00  0.0000E+00  0.0000E+00  0.0000E+00
Cs133  1.1848E-08  1.6474E-08  1.7568E-08  2.4475E-08  2.1702E-08  3.0189E-08  4.5925E-08  6.1601E-08  1.0471E-07
Cs134  2.9692E-10  1.0264E-09  3.2345E-10  1.2308E-09  3.8723E-31  5.6523E-31  5.6821E-31  1.0021E-30  3.4696E-31
Cs135  2.0155E-09  8.8563E-09  6.3299E-09  3.5637E-09  1.7684E-11  3.8134E-11  1.2771E-10  2.3036E-10  4.3195E-10
Cs136  3.5441E-10  3.0867E-09  2.0277E-09  9.2751E-10  3.8738E-36  1.1596E-35  9.8876E-36  1.4328E-34  6.7852E-36
Cs137  8.6610E-10  1.5018E-08  1.9394E-08  1.9796E-09  0.0000E+00  0.0000E+00  0.0000E+00  0.0000E+00  0.0000E+00
Cs138  6.8400E-17  1.8036E-17  1.5367E-16  9.1680E-18  0.0000E+00  0.0000E+00  0.0000E+00  0.0000E+00  0.0000E+00
Ba134  8.2475E-09  1.4913E-08  1.1535E-08  2.2891E-08  7.5034E-09  1.0858E-08  1.8537E-08  2.6567E-08  4.3959E-08
Ba135  9.7564E-09  1.2203E-08  1.3849E-08  2.0463E-08  1.8330E-08  2.5525E-08  3.8935E-08  5.2564E-08  8.9244E-08
Ba136  2.2880E-08  4.1828E-08  3.0632E-08  6.7503E-08  2.3025E-08  3.2582E-08  5.2206E-08  7.4301E-08  1.2363E-07
Ba137  2.3365E-08  3.7893E-08  3.1269E-08  5.7554E-08  3.2137E-08  4.4970E-08  6.9700E-08  9.5393E-08  1.6077E-07
Ba138  1.5809E-07  2.8553E-07  2.9527E-07  4.0245E-07  2.0717E-07  2.9015E-07  4.5082E-07  6.1424E-07  1.0373E-06
Ba139  6.3121E-13  9.0030E-13  3.9811E-12  3.3673E-12  0.0000E+00  0.0000E+00  0.0000E+00  0.0000E+00  0.0000E+00
La138  1.2286E-11  1.5242E-11  2.0509E-11  2.7609E-11  2.1837E-11  3.0565E-11  4.7403E-11  6.4291E-11  1.0878E-10
La139  1.7143E-08  2.8902E-08  3.2881E-08  4.4190E-08  2.4164E-08  3.3829E-08  5.2503E-08  7.1362E-08  1.2063E-07
La140  1.4033E-11  1.7866E-11  9.0340E-11  7.0207E-11  0.0000E+00  0.0000E+00  0.0000E+00  0.0000E+00  0.0000E+00
Ce140  4.1567E-08  6.1301E-08  7.4575E-08  9.7829E-08  6.5054E-08  9.1067E-08  1.4129E-07  1.9184E-07  3.2444E-07
Ce141  5.2171E-10  3.7111E-09  9.4284E-09  1.1869E-09  8.3272E-34  1.2336E-33  1.1950E-33  2.7409E-33  7.6096E-34
Pr141  5.6598E-09  7.0189E-09  8.6854E-09  1.3261E-08  1.0141E-08  1.4154E-08  2.1769E-08  2.9228E-08  4.9580E-08
Pr142  5.1013E-11  7.5531E-11  1.7187E-10  7.7290E-11  0.0000E+00  0.0000E+00  0.0000E+00  0.0000E+00  0.0000E+00
Nd142  1.0867E-08  1.5707E-08  1.7890E-08  3.1496E-08  1.4065E-08  1.9743E-08  3.0884E-08  4.2313E-08  7.1379E-08
Nd143  3.0977E-09  3.6188E-09  4.5603E-09  6.4227E-09  6.1376E-09  8.5373E-09  1.2990E-08  1.7398E-08  2.9569E-08
Nd144  6.6694E-09  8.0360E-09  9.8061E-09  1.4353E-08  1.2428E-08  1.7399E-08  2.7009E-08  3.6393E-08  6.1667E-08
Hg202  7.8309E-09  1.0500E-08  1.1440E-08  1.7478E-08  1.2447E-08  1.7483E-08  2.7399E-08  3.7647E-08  6.3491E-08
Hg203  1.5969E-10  7.0270E-10  6.6002E-10  3.5357E-10  1.5990E-33  2.3846E-33  2.2952E-33  6.0568E-33  1.4747E-33
Hg204  1.9885E-09  2.6102E-09  4.5044E-09  2.5367E-09  2.8425E-09  3.9678E-09  6.1024E-09  8.1555E-09  1.3867E-08
Hg205  9.9541E-19  3.2472E-19  2.5180E-18  6.0077E-19  0.0000E+00  0.0000E+00  0.0000E+00  0.0000E+00  0.0000E+00
Tl203  3.8329E-09  4.8506E-09  5.6831E-09  8.9977E-09  6.5656E-09  9.1860E-09  1.4230E-08  1.9385E-08  3.2724E-08
Tl204  1.0009E-10  5.1703E-10  3.5117E-10  5.6577E-10  6.0766E-32  8.9916E-32  9.4864E-32  2.1630E-31  5.6048E-32
Tl205  8.5355E-09  1.0886E-08  1.3943E-08  1.6441E-08  1.5806E-08  2.2099E-08  3.4162E-08  4.6301E-08  7.8333E-08
Tl206  1.1137E-17  9.8762E-17  1.8026E-16  2.0075E-16  0.0000E+00  0.0000E+00  0.0000E+00  0.0000E+00  0.0000E+00
Pb204  3.1878E-09  3.5231E-09  3.7919E-09  7.9758E-09  3.2679E-09  4.6273E-09  7.4258E-09  1.0586E-08  1.7616E-08
Pb205  5.1527E-10  7.7729E-10  5.0815E-10  2.4454E-09  1.4039E-18  1.7248E-18  1.4057E-18  1.1192E-18  3.0162E-19
Pb206  1.9395E-08  2.8095E-08  3.3719E-08  4.8611E-08  2.9825E-08  4.1789E-08  6.5036E-08  8.8847E-08  1.4996E-07
Pb207  2.0254E-08  2.8044E-08  3.6117E-08  4.7029E-08  3.3082E-08  4.6315E-08  7.1875E-08  9.7669E-08  1.6512E-07
Pb208  5.6975E-08  7.3251E-08  9.9182E-08  1.2437E-07  9.5153E-08  1.3321E-07  2.0675E-07  2.8085E-07  4.7487E-07
Pb209  5.6694E-15  5.1823E-15  4.3408E-14  4.5500E-14  0.0000E+00  0.0000E+00  0.0000E+00  0.0000E+00  0.0000E+00
Bi208  4.0005E-10  7.5317E-10  6.7361E-10  1.3121E-09  0.0000E+00  0.0000E+00  0.0000E+00  0.0000E+00  0.0000E+00
Bi209  6.8073E-09  7.9363E-09  1.0798E-08  1.4072E-08  1.2889E-08  1.8038E-08  2.7961E-08  3.7873E-08  6.4096E-08
