#v=300 km/s  [Fe/H]=0
Isotope 13MSun 15MSun 20MSun 25MSun 30MSun 40MSun 60MSun 80MSun 120MSun
H     4.0545E+00  4.5888E+00  5.8135E+00  6.4478E+00  7.1206E+00  9.5572E+00  1.2871E+01  1.8603E+01  3.0992E+01
H2    1.8287E-16  1.9116E-14  2.3183E-11  5.4772E-10  2.3378E-10  8.4505E-09  2.0339E-07  4.7789E-07  1.2507E-07
H3    4.1458E-25  1.4767E-21  2.1076E-16  4.4137E-14  2.2477E-13  2.6664E-12  1.1431E-11  2.9671E-11  1.1888E-12
He3   1.4192E-04  1.5484E-04  1.6722E-04  1.9261E-04  2.0814E-04  2.8615E-04  3.6553E-04  4.2861E-04  4.9216E-04
He4   4.0927E+00  4.6027E+00  6.1732E+00  8.9749E+00  1.0951E+01  1.5509E+01  2.8967E+01  4.2100E+01  6.7827E+01
Li6   1.2639E-12  2.4433E-12  6.7020E-12  1.4866E-11  2.1427E-11  3.6597E-11  4.9865E-11  6.4745E-11  3.7353E-11
Li7   2.5282E-11  5.2942E-11  1.5151E-10  3.6257E-10  4.5252E-10  7.9603E-10  9.6751E-10  1.2918E-09  8.6755E-10
Be7   2.4950E-12  4.6335E-12  1.7328E-11  1.5975E-11  8.5683E-12  1.2912E-11  6.6640E-12  1.9360E-12  3.3270E-12
Be9   7.4941E-13  1.5203E-12  4.2991E-12  9.3818E-12  1.3420E-11  2.3729E-11  2.7609E-11  3.7704E-11  2.8161E-11
Be10  3.0987E-60  3.9361E-60  5.0797E-60  6.7282E-60  0.0000E+00  0.0000E+00  0.0000E+00  0.0000E+00  0.0000E+00
B10   4.9600E-12  1.0004E-11  2.8537E-11  6.1047E-11  8.7808E-11  1.5558E-10  1.8132E-10  2.5552E-10  1.9981E-10
B11   7.2389E-10  8.6012E-10  1.0219E-09  1.6327E-09  2.3231E-09  4.0848E-09  6.1103E-09  9.2888E-09  1.0921E-08
C12   5.3482E-01  5.4032E-01  1.0239E+00  1.5236E+00  3.8834E-01  6.6376E-01  8.6185E-01  8.9688E-01  1.0570E+00
C13   1.6218E-03  2.0256E-03  3.7757E-03  3.5555E-03  3.6930E-03  3.3088E-03  1.1268E-03  1.5376E-03  2.5011E-03
C14   4.1144E-05  3.9135E-04  1.1174E-03  1.1146E-05  2.1519E-12  1.9933E-12  7.8975E-12  6.0237E-13  1.2341E-12
N13   4.2034E-14  8.6299E-14  2.6659E-13  5.7980E-12  9.3120E-14  6.3830E-14  1.4517E-14  2.0209E-14  2.5653E-14
N14   5.2372E-02  7.3062E-02  1.3120E-01  1.0465E-01  1.3160E-01  1.7483E-01  2.8381E-01  4.3404E-01  7.4462E-01
N15   2.7643E-05  4.7546E-05  2.1742E-05  4.4385E-06  4.9232E-06  7.1972E-06  1.1456E-05  1.6413E-05  2.4298E-05
N16   1.2942E-26  7.3901E-26  3.1290E-24  2.2844E-23  0.0000E+00  0.0000E+00  0.0000E+00  0.0000E+00  0.0000E+00
O15   9.7252E-16  3.5296E-15  1.1712E-14  4.5162E-14  1.9207E-15  2.5296E-15  2.2573E-15  3.2966E-15  4.3234E-15
O16   1.4915E+00  1.9204E+00  2.9496E+00  3.9010E+00  9.8233E-02  1.3170E-01  1.2742E-01  1.3837E-01  1.6379E-01
O17   5.2929E-05  1.0439E-04  1.5315E-04  5.2737E-05  2.4813E-05  2.4214E-05  2.5784E-05  3.2002E-05  4.0101E-05
O18   9.3291E-05  6.8198E-04  9.5711E-04  6.0408E-05  5.7973E-05  7.2718E-05  1.6000E-04  1.5806E-04  1.3852E-04
O19   8.0454E-20  6.1491E-20  7.2943E-19  4.5417E-19  0.0000E+00  0.0000E+00  0.0000E+00  0.0000E+00  0.0000E+00
F17   2.1385E-18  1.1444E-17  3.2627E-17  1.0066E-18  1.8425E-18  1.4285E-18  5.6039E-19  8.0229E-19  1.0503E-18
F18   8.1995E-07  7.8529E-07  7.9504E-08  5.4921E-08  3.2203E-19  2.9082E-19  1.0590E-19  1.6220E-19  2.2036E-19
F19   5.1690E-04  1.1175E-04  1.2960E-04  1.0272E-05  4.9407E-06  1.0059E-05  1.9714E-05  1.1362E-05  1.2828E-05
F20   5.3647E-21  3.7291E-20  4.5575E-19  2.2794E-18  0.0000E+00  0.0000E+00  0.0000E+00  0.0000E+00  0.0000E+00
Ne20  8.4606E-02  9.0019E-02  9.0929E-02  4.9920E-01  2.1201E-02  2.9432E-02  4.8174E-02  6.9296E-02  1.1205E-01
Ne21  4.6156E-04  4.8515E-04  7.4314E-04  8.8484E-04  1.0989E-04  1.2292E-04  1.1883E-04  1.3989E-04  1.7148E-04
Ne22  3.1964E-02  6.1008E-02  1.0363E-01  4.4075E-02  1.3791E-02  2.7343E-02  4.8417E-02  5.0904E-02  5.6528E-02
Ne23  5.5491E-13  1.7995E-13  6.0162E-13  1.6131E-12  0.0000E+00  0.0000E+00  0.0000E+00  0.0000E+00  0.0000E+00
Na21  6.5178E-15  7.0470E-15  1.4914E-14  2.8784E-14  0.0000E+00  0.0000E+00  0.0000E+00  0.0000E+00  0.0000E+00
Na22  3.6283E-07  2.3866E-07  3.9866E-07  1.0093E-06  4.9922E-18  9.5174E-18  5.2263E-18  9.4045E-18  1.4241E-17
Na23  2.5212E-03  2.6707E-03  4.5076E-03  1.1175E-02  2.7148E-03  3.9774E-03  7.4713E-03  1.1140E-02  1.8684E-02
Na24  4.4688E-06  1.4649E-06  1.9805E-05  5.5916E-06  0.0000E+00  0.0000E+00  0.0000E+00  0.0000E+00  0.0000E+00
Mg23  1.3784E-13  6.3540E-14  6.0917E-13  3.0399E-12  0.0000E+00  0.0000E+00  0.0000E+00  0.0000E+00  0.0000E+00
Mg24  2.0183E-02  2.3646E-02  3.4144E-02  1.0810E-01  1.0444E-02  1.4551E-02  2.4094E-02  3.4767E-02  5.6346E-02
Mg25  9.8605E-03  1.1838E-02  1.5615E-02  2.2456E-02  4.6592E-04  5.5361E-04  6.6713E-04  8.0204E-04  9.8642E-04
Mg26  7.8210E-03  1.2056E-02  1.8469E-02  2.0936E-02  2.2750E-03  3.2148E-03  5.0619E-03  7.1759E-03  1.1346E-02
Mg27  2.3569E-11  2.9474E-11  9.4845E-11  3.2751E-10  0.0000E+00  0.0000E+00  0.0000E+00  0.0000E+00  0.0000E+00
Al25  1.2717E-17  9.9322E-18  1.8408E-17  2.1017E-16  0.0000E+00  0.0000E+00  0.0000E+00  0.0000E+00  0.0000E+00
Al26  4.3747E-05  6.2900E-05  5.3672E-05  1.2897E-04  2.1803E-05  3.8881E-05  1.4073E-04  3.1632E-04  8.5138E-04
Alg6  6.7318E-06  6.2029E-06  4.8034E-06  1.3200E-05  2.1803E-05  3.8881E-05  1.4073E-04  3.1632E-04  8.5138E-04
Alm6  1.7380E-12  1.5901E-11  1.5445E-12  6.1308E-14  2.6678E-23  3.3921E-23  7.4860E-24  4.9143E-24  2.4753E-24
Al27  2.6966E-03  3.3529E-03  5.7728E-03  1.5666E-02  1.3158E-03  1.9030E-03  3.5905E-03  5.3022E-03  8.8400E-03
Al28  7.5977E-13  6.2138E-13  1.5840E-10  4.7376E-10  0.0000E+00  0.0000E+00  0.0000E+00  0.0000E+00  0.0000E+00
Si27  3.5748E-18  1.4605E-18  2.7331E-13  9.7869E-14  0.0000E+00  0.0000E+00  0.0000E+00  0.0000E+00  0.0000E+00
Si28  1.1205E-01  2.5861E-01  2.3262E-01  2.7199E-01  1.1563E-02  1.6113E-02  2.6682E-02  3.8472E-02  6.2349E-02
Si29  2.5536E-03  4.3987E-03  1.0590E-02  8.6197E-03  6.0890E-04  8.4885E-04  1.4048E-03  2.0244E-03  3.2795E-03
Si30  2.4507E-03  5.8507E-03  1.6994E-02  1.3762E-02  4.1564E-04  5.7959E-04  9.5945E-04  1.3835E-03  2.2405E-03
Si31  9.8181E-08  2.3913E-07  8.8318E-07  2.5891E-07  0.0000E+00  0.0000E+00  0.0000E+00  0.0000E+00  0.0000E+00
Si32  5.6936E-08  5.6296E-08  6.2144E-07  3.7077E-08  0.0000E+00  0.0000E+00  0.0000E+00  0.0000E+00  0.0000E+00
P29   1.0352E-18  3.2660E-19  1.9511E-18  9.7720E-18  0.0000E+00  0.0000E+00  0.0000E+00  0.0000E+00  0.0000E+00
P30   8.0885E-13  6.7876E-13  1.1288E-10  1.0559E-10  0.0000E+00  0.0000E+00  0.0000E+00  0.0000E+00  0.0000E+00
P31   7.5023E-04  1.7053E-03  3.4797E-03  3.0780E-03  1.1088E-04  1.5475E-04  2.5601E-04  3.7007E-04  5.9805E-04
P32   2.3626E-06  5.8446E-06  1.2828E-05  4.4641E-06  2.9706E-32  3.0983E-32  7.8346E-33  9.3057E-33  1.0891E-32
P33   1.6219E-06  8.4729E-06  6.7870E-06  2.2903E-06  0.0000E+00  0.0000E+00  0.0000E+00  0.0000E+00  0.0000E+00
P34   9.4798E-20  4.8357E-20  1.8772E-17  9.2770E-18  0.0000E+00  0.0000E+00  0.0000E+00  0.0000E+00  0.0000E+00
S31   5.5463E-24  6.5637E-23  2.9928E-16  3.7078E-17  0.0000E+00  0.0000E+00  0.0000E+00  0.0000E+00  0.0000E+00
S32   7.9839E-02  1.2403E-01  9.1865E-02  9.5670E-02  5.5359E-03  7.7118E-03  1.2771E-02  1.8410E-02  2.9845E-02
S33   8.3118E-04  1.3496E-03  1.5357E-03  1.4789E-03  5.0294E-05  7.2069E-05  1.1759E-04  1.7125E-04  2.6811E-04
S34   1.9507E-03  8.3857E-03  1.5927E-02  1.0549E-02  2.6625E-04  3.7108E-04  6.1424E-04  8.8600E-04  1.4353E-03
S35   3.6694E-06  1.7409E-05  1.5982E-05  5.2532E-06  1.9831E-31  2.0730E-31  5.2791E-32  6.2701E-32  7.3382E-32
S36   7.2266E-06  2.1659E-05  1.5626E-05  7.5392E-06  1.3131E-06  1.8297E-06  3.0295E-06  4.3677E-06  7.0786E-06
S37   6.1923E-17  3.0669E-17  1.2955E-16  3.5649E-15  0.0000E+00  0.0000E+00  0.0000E+00  0.0000E+00  0.0000E+00
Cl33  1.8134E-22  3.2320E-23  5.8491E-22  1.3750E-20  0.0000E+00  0.0000E+00  0.0000E+00  0.0000E+00  0.0000E+00
Cl34  1.0954E-22  1.0663E-23  1.1675E-20  2.4857E-21  0.0000E+00  0.0000E+00  0.0000E+00  0.0000E+00  0.0000E+00
Cl35  4.9294E-04  9.2636E-04  9.4480E-04  7.5186E-04  1.1561E-04  1.6092E-04  2.6659E-04  3.8401E-04  6.2332E-04
Cl36  6.2022E-06  1.8660E-05  1.4243E-05  1.1224E-05  2.0312E-07  4.2333E-07  6.5105E-07  1.0825E-06  1.2408E-06
Cl37  9.0462E-05  1.8496E-04  1.4905E-04  1.8513E-04  4.2583E-05  6.0777E-05  9.9418E-05  1.4592E-04  2.2877E-04
Cl38  7.5439E-11  2.0631E-10  5.3306E-10  7.3148E-11  0.0000E+00  0.0000E+00  0.0000E+00  0.0000E+00  0.0000E+00
Ar36  1.9264E-02  1.9359E-02  1.2590E-02  1.4624E-02  1.0553E-03  1.4691E-03  2.4335E-03  3.5060E-03  5.6891E-03
Ar37  1.0445E-04  9.6549E-05  7.5758E-05  7.2115E-05  3.5377E-21  5.2171E-23  1.3206E-21  3.5866E-22  3.5709E-23
Ar38  2.0211E-03  6.3751E-03  6.5484E-03  4.0636E-03  2.0295E-04  2.8272E-04  4.6817E-04  6.7495E-04  1.0942E-03
Ar39  6.2569E-06  3.1939E-05  6.0650E-06  7.5075E-06  4.7905E-25  2.2370E-24  4.7151E-27  2.9542E-27  3.6168E-27
Ar40  2.3066E-06  6.7921E-06  4.0105E-06  2.7851E-06  3.4190E-07  4.7646E-07  7.8940E-07  1.1474E-06  1.8550E-06
Ar41  1.8342E-09  4.2511E-09  2.4649E-08  7.1154E-10  0.0000E+00  0.0000E+00  0.0000E+00  0.0000E+00  0.0000E+00
K37   1.6121E-30  7.4532E-32  8.7704E-30  5.6773E-27  0.0000E+00  0.0000E+00  0.0000E+00  0.0000E+00  0.0000E+00
K38   2.7792E-17  3.3365E-14  2.1347E-13  2.1883E-13  0.0000E+00  0.0000E+00  0.0000E+00  0.0000E+00  0.0000E+00
K39   5.0616E-04  8.6514E-04  3.5968E-04  3.1058E-04  5.3867E-05  7.5070E-05  1.2429E-04  1.7923E-04  2.9041E-04
K40   5.2241E-06  1.8996E-05  4.2151E-06  4.7311E-06  2.7969E-07  4.7499E-07  7.2476E-07  1.1252E-06  1.4095E-06
K41   6.2302E-06  1.6972E-05  8.1808E-06  9.7193E-06  4.1053E-06  5.7100E-06  9.4232E-06  1.3658E-05  2.2096E-05
K42   4.1250E-07  1.4184E-06  1.0274E-06  1.1203E-07  0.0000E+00  0.0000E+00  0.0000E+00  0.0000E+00  0.0000E+00
Ca40  1.9290E-02  1.5297E-02  9.5005E-03  1.2085E-02  1.1712E-03  1.6310E-03  2.7014E-03  3.8926E-03  6.3143E-03
Ca41  1.0267E-04  1.0361E-04  2.9746E-05  3.6491E-05  2.1959E-06  4.0544E-06  6.0695E-06  9.6914E-06  1.0918E-05
Ca42  1.5412E-04  2.8266E-04  2.2728E-04  1.6725E-04  8.5194E-06  1.1956E-05  1.9561E-05  2.9262E-05  4.6455E-05
Ca43  1.1750E-05  2.4346E-05  1.1666E-05  1.8474E-05  1.7729E-06  2.4746E-06  4.0818E-06  5.9678E-06  9.6060E-06
Ca44  3.9931E-05  5.9615E-05  6.3066E-05  8.7246E-05  2.7745E-05  3.8645E-05  6.3999E-05  9.2276E-05  1.4961E-04
Ca45  4.1751E-06  3.2551E-06  7.3294E-06  1.8644E-06  1.0164E-30  1.0634E-30  2.7142E-31  3.2234E-31  3.7727E-31
Ca46  2.0106E-06  1.2731E-06  6.7472E-06  1.1518E-06  5.5594E-08  7.7424E-08  1.2823E-07  1.8483E-07  2.9977E-07
Ca47  1.3387E-07  7.8513E-08  2.2046E-06  2.8697E-08  3.8480E-35  4.0248E-35  1.0288E-35  1.2220E-35  1.4302E-35
Ca48  1.4224E-06  1.6013E-06  2.5148E-06  2.8483E-06  2.7161E-06  3.7844E-06  6.2664E-06  9.0338E-06  1.4642E-05
Ca49  1.0769E-15  5.4326E-16  1.2782E-15  9.3088E-15  0.0000E+00  0.0000E+00  0.0000E+00  0.0000E+00  0.0000E+00
Sc41  4.3091E-44  5.9381E-46  3.0230E-42  1.7899E-38  0.0000E+00  0.0000E+00  0.0000E+00  0.0000E+00  0.0000E+00
Sc42  6.8996E-36  6.4032E-38  7.5538E-35  3.0368E-34  0.0000E+00  0.0000E+00  0.0000E+00  0.0000E+00  0.0000E+00
Sc43  5.3057E-08  6.3432E-08  3.8516E-08  5.7397E-08  0.0000E+00  0.0000E+00  0.0000E+00  0.0000E+00  0.0000E+00
Sc44  1.2623E-07  2.2864E-07  9.6515E-09  1.6953E-08  0.0000E+00  0.0000E+00  0.0000E+00  0.0000E+00  0.0000E+00
Sc45  7.8636E-06  1.5018E-05  5.1822E-06  1.2605E-05  9.2313E-07  1.3070E-06  2.1533E-06  3.1012E-06  4.9396E-06
Sc46  1.0689E-06  1.7231E-06  1.3658E-06  1.3377E-06  3.9275E-31  4.0429E-31  9.6140E-32  1.1419E-31  1.3370E-31
Sc47  5.4062E-07  4.4480E-07  1.9393E-06  4.4997E-07  2.9326E-35  3.0674E-35  7.8407E-36  9.3132E-36  1.0899E-35
Sc48  1.6266E-07  4.9484E-08  1.6090E-06  1.0789E-07  0.0000E+00  0.0000E+00  0.0000E+00  0.0000E+00  0.0000E+00
Sc49  1.7958E-10  2.5159E-11  8.3917E-09  8.0850E-11  0.0000E+00  0.0000E+00  0.0000E+00  0.0000E+00  0.0000E+00
Ti44  3.6150E-05  6.0225E-06  3.2471E-05  4.5938E-05  0.0000E+00  0.0000E+00  0.0000E+00  0.0000E+00  0.0000E+00
Ti45  3.8433E-07  1.2934E-07  9.9853E-08  1.1479E-07  0.0000E+00  0.0000E+00  0.0000E+00  0.0000E+00  0.0000E+00
Ti46  5.9761E-05  1.3782E-04  9.2124E-05  7.6670E-05  4.6825E-06  6.5242E-06  1.0796E-05  1.5598E-05  2.5262E-05
Ti47  9.9300E-06  2.2325E-05  1.1944E-05  1.6477E-05  4.2530E-06  5.8993E-06  9.7818E-06  1.4092E-05  2.2962E-05
Ti48  2.7219E-05  4.6184E-05  4.4605E-05  5.6080E-05  4.3245E-05  6.0085E-05  9.9613E-05  1.4341E-04  2.3327E-04
Ti49  6.9341E-06  1.1490E-05  1.6888E-05  1.6838E-05  3.7003E-06  5.3536E-06  8.7486E-06  1.2713E-05  1.9697E-05
Ti50  1.2007E-05  2.1666E-05  4.0045E-05  2.9126E-05  3.2570E-06  4.5601E-06  7.5099E-06  1.0976E-05  1.7611E-05
Ti51  1.5520E-13  1.9638E-13  6.4096E-13  1.4591E-12  0.0000E+00  0.0000E+00  0.0000E+00  0.0000E+00  0.0000E+00
V45   1.1289E-47  9.0154E-50  1.9699E-45  4.5167E-45  0.0000E+00  0.0000E+00  0.0000E+00  0.0000E+00  0.0000E+00
V46   5.1619E-52  1.1452E-50  1.1113E-43  4.3152E-47  0.0000E+00  0.0000E+00  0.0000E+00  0.0000E+00  0.0000E+00
V47   1.9127E-10  2.1568E-10  2.1090E-10  3.0879E-10  0.0000E+00  0.0000E+00  0.0000E+00  0.0000E+00  0.0000E+00
V48   5.2754E-07  7.0064E-07  2.4478E-07  2.5495E-07  0.0000E+00  0.0000E+00  0.0000E+00  0.0000E+00  0.0000E+00
V49   8.6983E-06  3.4245E-05  7.0628E-06  7.9371E-06  0.0000E+00  0.0000E+00  0.0000E+00  0.0000E+00  0.0000E+00
V50   6.7402E-07  1.4614E-06  1.3195E-06  1.1507E-06  1.4486E-08  2.0080E-08  3.3314E-08  4.7946E-08  7.8208E-08
V51   4.3864E-06  9.9934E-06  1.6788E-05  1.0092E-05  6.0790E-06  8.5176E-06  1.4098E-05  2.0215E-05  3.2617E-05
V52   5.0054E-14  7.1948E-14  5.3682E-13  6.9891E-13  0.0000E+00  0.0000E+00  0.0000E+00  0.0000E+00  0.0000E+00
Cr48  7.6866E-05  9.0941E-05  8.5312E-05  1.1188E-04  0.0000E+00  0.0000E+00  0.0000E+00  0.0000E+00  0.0000E+00
Cr49  9.8941E-09  6.6224E-08  9.7395E-09  9.4539E-09  0.0000E+00  0.0000E+00  0.0000E+00  0.0000E+00  0.0000E+00
Cr50  1.0438E-04  2.6140E-03  1.4546E-04  1.1848E-04  1.2901E-05  1.7877E-05  2.9660E-05  4.2687E-05  6.9655E-05
Cr51  1.3933E-05  1.5769E-04  1.8864E-05  1.4674E-05  1.5360E-21  2.9553E-23  9.2832E-22  2.6932E-22  2.8978E-23
Cr52  1.4997E-04  7.5093E-04  2.8046E-04  3.0055E-04  2.6272E-04  3.6592E-04  6.0600E-04  8.7356E-04  1.4165E-03
Cr53  1.5459E-05  2.7798E-05  2.2794E-05  3.0295E-05  3.0179E-05  4.1950E-05  6.9501E-05  1.0003E-04  1.6269E-04
Cr54  1.6738E-05  2.7473E-05  2.6352E-05  3.7204E-05  8.4779E-06  1.2147E-05  1.9871E-05  2.9058E-05  4.5398E-05
Cr55  1.8797E-13  7.9340E-14  2.0186E-13  1.7363E-12  0.0000E+00  0.0000E+00  0.0000E+00  0.0000E+00  0.0000E+00
Mn50  3.0987E-60  1.4733E-59  2.6279E-52  3.7286E-56  0.0000E+00  0.0000E+00  0.0000E+00  0.0000E+00  0.0000E+00
Mn51  2.7045E-08  3.6483E-07  2.8783E-08  2.2664E-08  0.0000E+00  0.0000E+00  0.0000E+00  0.0000E+00  0.0000E+00
Mn52  1.6366E-04  5.3569E-04  1.6480E-04  1.8383E-04  0.0000E+00  0.0000E+00  0.0000E+00  0.0000E+00  0.0000E+00
Mn53  9.3914E-05  1.1273E-03  1.0355E-04  8.6427E-05  0.0000E+00  0.0000E+00  0.0000E+00  0.0000E+00  0.0000E+00
Mn54  8.4532E-07  6.9416E-06  1.2961E-06  1.0118E-06  0.0000E+00  0.0000E+00  0.0000E+00  0.0000E+00  0.0000E+00
Mn55  9.7380E-05  1.3931E-04  1.4603E-04  1.9497E-04  2.1498E-04  3.0443E-04  5.0203E-04  7.1903E-04  1.1465E-03
Mn56  6.5330E-08  5.6063E-07  7.2348E-08  6.4209E-08  0.0000E+00  0.0000E+00  0.0000E+00  0.0000E+00  0.0000E+00
Mn57  4.5758E-18  7.0182E-19  9.9034E-17  8.4331E-17  0.0000E+00  0.0000E+00  0.0000E+00  0.0000E+00  0.0000E+00
Fe52  4.9211E-04  1.5685E-03  4.9691E-04  5.5440E-04  0.0000E+00  0.0000E+00  0.0000E+00  0.0000E+00  0.0000E+00
Fe53  3.0454E-17  5.9631E-13  3.1089E-13  6.0218E-13  0.0000E+00  0.0000E+00  0.0000E+00  0.0000E+00  0.0000E+00
Fe54  7.8006E-03  1.8520E-01  6.5884E-03  5.9341E-03  1.3650E-03  1.8950E-03  3.1423E-03  4.5214E-03  7.3632E-03
Fe55  3.8940E-04  3.0588E-03  1.8858E-04  1.4971E-04  2.6567E-13  2.1054E-12  5.9724E-13  3.0937E-13  1.2320E-12
Fe56  1.1064E-02  1.6787E-02  1.5836E-02  2.0724E-02  2.2430E-02  3.1234E-02  5.1738E-02  7.4572E-02  1.2096E-01
Fe57  5.0228E-04  6.1084E-04  5.9003E-04  9.4031E-04  5.6876E-04  8.1091E-04  1.3301E-03  1.9190E-03  3.0306E-03
Fe58  7.0380E-04  7.9690E-04  7.8896E-04  1.4938E-03  8.6835E-05  1.2654E-04  2.0056E-04  3.1405E-04  4.7078E-04
Fe59  1.2291E-04  4.4002E-05  9.6321E-05  3.6048E-05  2.7584E-30  2.7314E-30  5.6230E-31  6.6795E-31  7.8328E-31
Fe60  7.0855E-05  1.7748E-05  1.6231E-04  1.6533E-05  2.1342E-12  2.2684E-12  4.3648E-12  2.0316E-10  2.4647E-10
Fe61  2.0368E-15  4.7415E-15  1.8099E-13  4.2380E-13  0.0000E+00  0.0000E+00  0.0000E+00  0.0000E+00  0.0000E+00
Co54  3.0987E-60  3.9361E-60  5.0797E-60  6.7282E-60  0.0000E+00  0.0000E+00  0.0000E+00  0.0000E+00  0.0000E+00
Co55  3.2977E-04  5.3905E-03  3.4375E-04  2.7065E-04  0.0000E+00  0.0000E+00  0.0000E+00  0.0000E+00  0.0000E+00
Co56  5.4815E-06  8.2475E-05  3.0121E-06  2.8793E-06  0.0000E+00  0.0000E+00  0.0000E+00  0.0000E+00  0.0000E+00
Co57  1.7910E-04  4.8265E-04  1.4363E-04  1.4205E-04  0.0000E+00  0.0000E+00  0.0000E+00  0.0000E+00  0.0000E+00
Co58  6.5880E-06  1.8523E-05  5.2399E-07  2.9164E-06  0.0000E+00  0.0000E+00  0.0000E+00  0.0000E+00  0.0000E+00
Co59  1.8955E-04  3.2603E-04  2.5370E-04  6.6585E-04  7.9838E-05  1.1106E-04  1.8330E-04  2.6664E-04  4.3138E-04
Co60  3.1720E-05  2.2339E-05  4.1691E-05  3.9760E-05  3.9262E-18  4.1649E-18  8.0041E-18  3.7242E-16  4.5161E-16
Co61  8.4433E-07  3.3238E-07  4.7548E-06  1.3424E-06  0.0000E+00  0.0000E+00  0.0000E+00  0.0000E+00  0.0000E+00
Ni56  7.0000E-02  7.3134E-02  7.0000E-02  7.0000E-02  0.0000E+00  0.0000E+00  0.0000E+00  0.0000E+00  0.0000E+00
Ni57  2.4247E-03  3.7344E-03  2.4740E-03  2.4200E-03  0.0000E+00  0.0000E+00  0.0000E+00  0.0000E+00  0.0000E+00
Ni58  5.4707E-03  2.2846E-02  5.3389E-03  5.2275E-03  8.9776E-04  1.2470E-03  2.0677E-03  2.9775E-03  4.8442E-03
Ni59  1.9505E-04  9.4754E-05  1.4614E-04  1.6927E-04  6.1713E-06  1.1772E-05  1.8688E-05  2.3739E-05  2.6815E-05
Ni60  1.7299E-03  8.5199E-04  2.0291E-03  2.6125E-03  3.6116E-04  5.0291E-04  8.3185E-04  1.2034E-03  1.9494E-03
Ni61  1.4915E-04  1.1804E-04  2.5677E-04  3.1285E-04  1.8512E-05  2.6987E-05  4.4077E-05  6.3901E-05  9.8201E-05
Ni62  3.3951E-04  4.6214E-04  6.6890E-04  1.1361E-03  5.2549E-05  7.3467E-05  1.2101E-04  1.7687E-04  2.8426E-04
Ni63  9.4945E-05  6.8941E-05  1.1703E-04  2.1841E-04  3.7279E-26  2.3954E-25  3.6053E-27  3.6043E-27  4.7509E-27
Ni64  1.8527E-04  2.3157E-04  5.5280E-04  4.8530E-04  1.3652E-05  1.9039E-05  3.1491E-05  4.5618E-05  7.3738E-05
Ni65  3.7901E-07  2.1224E-07  9.5215E-06  3.2982E-07  0.0000E+00  0.0000E+00  0.0000E+00  0.0000E+00  0.0000E+00
Cu57  3.0987E-60  3.9361E-60  5.0797E-60  6.7282E-60  0.0000E+00  0.0000E+00  0.0000E+00  0.0000E+00  0.0000E+00
Cu58  4.6197E-40  1.7159E-36  9.4093E-33  1.0505E-32  0.0000E+00  0.0000E+00  0.0000E+00  0.0000E+00  0.0000E+00
Cu59  2.3390E-18  1.9833E-19  2.0396E-19  1.6629E-17  0.0000E+00  0.0000E+00  0.0000E+00  0.0000E+00  0.0000E+00
Cu60  4.1001E-08  2.6535E-13  3.7939E-08  4.3507E-08  0.0000E+00  0.0000E+00  0.0000E+00  0.0000E+00  0.0000E+00
Cu61  3.0631E-05  2.2853E-08  2.9130E-05  3.0269E-05  0.0000E+00  0.0000E+00  0.0000E+00  0.0000E+00  0.0000E+00
Cu62  4.2109E-07  5.1619E-11  3.5022E-07  3.6367E-07  0.0000E+00  0.0000E+00  0.0000E+00  0.0000E+00  0.0000E+00
Cu63  4.5600E-05  7.7789E-05  8.9472E-05  1.4671E-04  9.7882E-06  1.3819E-05  2.2699E-05  3.3483E-05  5.3032E-05
Cu64  3.1567E-06  5.8972E-06  6.9150E-06  7.8726E-06  4.2155E-32  4.3351E-32  1.0364E-32  1.2313E-32  1.4419E-32
Cu65  8.7643E-05  1.6231E-04  3.5375E-04  3.0408E-04  4.5590E-06  6.4705E-06  1.0630E-05  1.5434E-05  2.4429E-05
Cu66  1.7270E-11  9.7605E-12  1.6328E-11  1.3973E-10  0.0000E+00  0.0000E+00  0.0000E+00  0.0000E+00  0.0000E+00
Zn60  3.3516E-22  2.6367E-23  1.9191E-22  3.9385E-22  0.0000E+00  0.0000E+00  0.0000E+00  0.0000E+00  0.0000E+00
Zn61  8.7060E-26  4.1610E-23  7.7686E-22  1.4734E-21  0.0000E+00  0.0000E+00  0.0000E+00  0.0000E+00  0.0000E+00
Zn62  5.9901E-04  7.0677E-08  5.5443E-04  5.6184E-04  0.0000E+00  0.0000E+00  0.0000E+00  0.0000E+00  0.0000E+00
Zn63  1.2163E-09  1.4074E-12  9.8727E-10  3.7890E-09  0.0000E+00  0.0000E+00  0.0000E+00  0.0000E+00  0.0000E+00
Zn64  4.8366E-05  6.0640E-05  7.7271E-05  1.2221E-04  1.5540E-05  2.1600E-05  3.5757E-05  5.1758E-05  8.3985E-05
Zn65  7.2716E-06  1.1626E-05  1.5750E-05  1.7601E-05  1.7089E-27  4.5831E-27  4.7311E-28  5.4360E-28  6.6420E-28
Zn66  1.0386E-04  1.8826E-04  4.0786E-04  3.8220E-04  9.2150E-06  1.2821E-05  2.1226E-05  3.0685E-05  4.9773E-05
Zn67  1.7405E-05  3.2702E-05  4.0816E-05  6.0631E-05  1.3996E-06  1.9605E-06  3.2449E-06  4.6710E-06  7.5302E-06
Zn68  1.0313E-04  2.1377E-04  3.1057E-04  3.6567E-04  6.4459E-06  8.9987E-06  1.4882E-05  2.1502E-05  3.4749E-05
Zn69  1.9675E-08  2.9912E-08  6.3706E-08  3.7418E-08  0.0000E+00  0.0000E+00  0.0000E+00  0.0000E+00  0.0000E+00
Zn70  8.4042E-06  4.1297E-06  1.5143E-04  1.3798E-05  2.1656E-07  3.0116E-07  4.9913E-07  7.1865E-07  1.1679E-06
Zn71  1.0455E-17  1.2006E-18  1.2700E-18  8.3600E-15  0.0000E+00  0.0000E+00  0.0000E+00  0.0000E+00  0.0000E+00
Ga62  3.0987E-60  3.9361E-60  5.0797E-60  6.7282E-60  0.0000E+00  0.0000E+00  0.0000E+00  0.0000E+00  0.0000E+00
Ga63  2.9626E-31  7.3929E-32  2.4480E-29  1.0178E-28  0.0000E+00  0.0000E+00  0.0000E+00  0.0000E+00  0.0000E+00
Ga64  2.6152E-29  4.5596E-25  1.0422E-23  8.6675E-24  0.0000E+00  0.0000E+00  0.0000E+00  0.0000E+00  0.0000E+00
Ga65  2.5632E-13  7.0966E-15  2.2861E-13  3.8604E-13  0.0000E+00  0.0000E+00  0.0000E+00  0.0000E+00  0.0000E+00
Ga66  6.0917E-06  7.9362E-10  5.0026E-06  5.0976E-06  0.0000E+00  0.0000E+00  0.0000E+00  0.0000E+00  0.0000E+00
Ga67  1.3765E-07  1.8007E-07  1.5654E-07  3.7476E-07  0.0000E+00  0.0000E+00  0.0000E+00  0.0000E+00  0.0000E+00
Ga68  6.7634E-10  1.2101E-09  9.1240E-10  2.1278E-09  0.0000E+00  0.0000E+00  0.0000E+00  0.0000E+00  0.0000E+00
Ga69  1.7377E-05  3.4233E-05  5.6501E-05  6.0209E-05  6.4534E-07  9.0649E-07  1.4970E-06  2.1655E-06  3.4731E-06
Ga70  4.2345E-11  7.0618E-11  1.7095E-10  4.3474E-10  0.0000E+00  0.0000E+00  0.0000E+00  0.0000E+00  0.0000E+00
Ga71  1.1906E-05  2.3680E-05  9.3290E-05  5.5039E-05  4.3729E-07  6.1251E-07  1.0110E-06  1.4667E-06  2.3582E-06
Ga72  1.0381E-06  1.5442E-06  1.3191E-05  1.5158E-06  0.0000E+00  0.0000E+00  0.0000E+00  0.0000E+00  0.0000E+00
Ge64  3.3831E-39  7.2338E-33  1.9972E-32  7.5120E-32  0.0000E+00  0.0000E+00  0.0000E+00  0.0000E+00  0.0000E+00
Ge65  3.1261E-39  4.6150E-34  2.2112E-31  1.6116E-31  0.0000E+00  0.0000E+00  0.0000E+00  0.0000E+00  0.0000E+00
Ge66  1.2152E-06  2.1130E-14  9.9599E-07  1.0154E-06  0.0000E+00  0.0000E+00  0.0000E+00  0.0000E+00  0.0000E+00
Ge67  1.0144E-14  4.3817E-18  8.4980E-15  2.6572E-14  0.0000E+00  0.0000E+00  0.0000E+00  0.0000E+00  0.0000E+00
Ge68  1.3512E-07  8.5531E-08  7.7048E-08  4.2153E-07  0.0000E+00  0.0000E+00  0.0000E+00  0.0000E+00  0.0000E+00
Ge69  2.1906E-08  2.3108E-08  1.8472E-08  4.5018E-08  0.0000E+00  0.0000E+00  0.0000E+00  0.0000E+00  0.0000E+00
Ge70  2.3757E-05  4.4915E-05  7.6476E-05  8.3740E-05  9.1242E-07  1.2753E-06  2.1057E-06  3.0593E-06  4.9277E-06
Ge71  2.5471E-06  5.3482E-06  9.1961E-06  4.2060E-06  4.5645E-32  4.7510E-32  1.1941E-32  1.4184E-32  1.6602E-32
Ge72  2.1108E-05  5.1183E-05  1.0424E-04  8.2419E-05  1.2202E-06  1.6973E-06  2.8099E-06  4.0611E-06  6.5886E-06
Ge73  5.8600E-06  1.2911E-05  1.6976E-05  1.8032E-05  3.4748E-07  4.8364E-07  8.0106E-07  1.1555E-06  1.8747E-06
Ge74  3.0233E-05  7.3346E-05  1.0644E-04  9.2929E-05  1.6671E-06  2.3268E-06  3.8507E-06  5.5524E-06  8.9817E-06
Ge75  1.7919E-08  3.0156E-08  4.8612E-08  3.6694E-08  0.0000E+00  0.0000E+00  0.0000E+00  0.0000E+00  0.0000E+00
Ge76  5.1290E-06  3.2943E-06  5.8362E-05  9.7235E-06  3.5498E-07  4.9359E-07  8.1810E-07  1.1779E-06  1.9144E-06
Ge77  1.5890E-07  4.4230E-08  1.4799E-05  5.3056E-08  0.0000E+00  0.0000E+00  0.0000E+00  0.0000E+00  0.0000E+00
As71  8.5754E-10  9.5042E-10  7.4139E-10  2.0686E-09  0.0000E+00  0.0000E+00  0.0000E+00  0.0000E+00  0.0000E+00
As72  1.3101E-09  1.3677E-09  1.4966E-09  4.4113E-09  0.0000E+00  0.0000E+00  0.0000E+00  0.0000E+00  0.0000E+00
As73  1.7032E-07  2.3420E-07  2.7319E-07  4.8383E-07  0.0000E+00  0.0000E+00  0.0000E+00  0.0000E+00  0.0000E+00
As74  3.5208E-08  6.4529E-08  6.7763E-08  1.1906E-07  0.0000E+00  0.0000E+00  0.0000E+00  0.0000E+00  0.0000E+00
As75  6.2059E-06  1.3379E-05  2.9501E-05  2.2131E-05  2.0596E-07  2.8636E-07  4.7394E-07  6.8508E-07  1.1121E-06
As76  3.0315E-07  5.1542E-07  6.6692E-07  7.4308E-07  0.0000E+00  0.0000E+00  0.0000E+00  0.0000E+00  0.0000E+00
As77  4.8462E-06  4.4567E-06  1.9746E-05  6.6098E-06  0.0000E+00  0.0000E+00  0.0000E+00  0.0000E+00  0.0000E+00
Se74  1.7378E-06  2.6412E-06  8.1326E-06  5.0253E-06  1.9130E-08  2.6232E-08  4.3465E-08  6.3288E-08  1.0408E-07
Se75  1.1581E-07  1.3843E-07  2.7641E-07  3.4171E-07  3.3056E-32  3.5162E-32  9.6400E-33  1.1449E-32  1.3395E-32
Se76  6.8626E-06  1.5985E-05  3.9187E-05  2.4777E-05  2.2335E-07  3.1514E-07  5.2102E-07  7.4772E-07  1.1964E-06
Se77  2.6234E-06  5.3046E-06  9.3516E-06  6.5176E-06  1.7680E-07  2.4550E-07  4.0558E-07  5.8894E-07  9.5586E-07
Se78  1.1902E-05  3.2374E-05  5.4983E-05  3.4428E-05  5.6940E-07  7.9700E-07  1.3170E-06  1.9047E-06  3.0679E-06
Se79  1.9762E-06  5.8063E-06  8.0669E-06  4.5937E-06  2.2376E-13  2.4044E-13  8.2205E-14  5.6410E-14  1.6396E-13
Se80  9.1452E-06  2.4986E-05  4.0844E-05  2.5743E-05  1.1864E-06  1.6466E-06  2.7312E-06  3.9373E-06  6.4106E-06
Se81  3.9857E-13  3.5243E-12  3.8358E-11  3.2270E-11  0.0000E+00  0.0000E+00  0.0000E+00  0.0000E+00  0.0000E+00
Se82  1.4741E-06  1.1174E-06  2.7863E-05  6.5289E-06  2.1598E-07  3.0066E-07  4.9809E-07  7.1753E-07  1.1645E-06
Se83  2.0062E-13  8.8925E-14  3.8963E-11  1.6191E-13  0.0000E+00  0.0000E+00  0.0000E+00  0.0000E+00  0.0000E+00
Br75  5.0691E-13  1.9079E-13  2.3683E-13  4.3311E-13  0.0000E+00  0.0000E+00  0.0000E+00  0.0000E+00  0.0000E+00
Br76  9.6955E-11  5.6614E-11  3.2848E-11  1.4639E-10  0.0000E+00  0.0000E+00  0.0000E+00  0.0000E+00  0.0000E+00
Br77  1.2332E-08  5.7113E-09  7.1219E-09  1.3388E-08  0.0000E+00  0.0000E+00  0.0000E+00  0.0000E+00  0.0000E+00
Br78  5.3782E-17  7.8508E-16  2.0428E-13  3.6236E-14  0.0000E+00  0.0000E+00  0.0000E+00  0.0000E+00  0.0000E+00
Br79  5.8764E-07  1.0979E-06  2.1678E-06  2.4933E-06  1.8581E-07  2.5513E-07  4.2126E-07  6.1690E-07  1.0110E-06
Br80  8.2219E-12  2.0252E-11  2.2276E-11  7.7657E-11  0.0000E+00  0.0000E+00  0.0000E+00  0.0000E+00  0.0000E+00
Br81  1.9809E-06  4.9877E-06  1.1194E-05  6.8288E-06  1.9275E-07  2.6900E-07  4.4571E-07  6.3857E-07  1.0341E-06
Br82  4.2252E-08  1.6563E-07  1.8682E-07  2.3184E-07  0.0000E+00  0.0000E+00  0.0000E+00  0.0000E+00  0.0000E+00
Br83  6.3762E-08  1.8865E-07  1.4625E-06  4.2482E-07  0.0000E+00  0.0000E+00  0.0000E+00  0.0000E+00  0.0000E+00
Kr78  1.6128E-07  2.0689E-07  9.6355E-07  2.5754E-07  6.6733E-09  9.1537E-09  1.5169E-08  2.2078E-08  3.6292E-08
Kr79  5.0211E-09  5.9709E-09  3.9060E-08  1.1043E-08  0.0000E+00  0.0000E+00  0.0000E+00  0.0000E+00  0.0000E+00
Kr80  1.0047E-06  2.8421E-06  9.6930E-06  4.5514E-06  5.1969E-08  7.6167E-08  1.2737E-07  1.7540E-07  2.7238E-07
Kr81  2.7607E-07  8.2953E-07  1.1595E-06  1.0495E-06  2.2818E-09  4.7520E-09  8.1598E-09  8.7912E-09  9.8156E-09
Kr82  4.5617E-06  1.4662E-05  2.4513E-05  1.1881E-05  2.5033E-07  3.5542E-07  5.8328E-07  8.4412E-07  1.3370E-06
Kr83  2.1579E-06  7.0394E-06  1.6553E-05  7.1728E-06  2.3197E-07  3.2072E-07  5.2939E-07  7.7235E-07  1.2579E-06
Kr84  8.6238E-06  3.0595E-05  4.2350E-05  2.1195E-05  1.1726E-06  1.6327E-06  2.7048E-06  3.8961E-06  6.3218E-06
Kr85  2.1822E-06  7.5250E-06  9.9184E-06  4.5050E-06  1.6686E-29  1.7705E-29  4.4671E-30  5.2913E-30  6.2141E-30
Kr86  5.2641E-06  1.9771E-05  4.9088E-05  1.2412E-05  3.6381E-07  5.0681E-07  8.3926E-07  1.2101E-06  1.9617E-06
Kr87  6.5542E-11  6.3403E-11  8.0854E-09  5.2076E-11  0.0000E+00  0.0000E+00  0.0000E+00  0.0000E+00  0.0000E+00
Rb79  1.2556E-18  1.0562E-16  9.4819E-16  2.6166E-16  0.0000E+00  0.0000E+00  0.0000E+00  0.0000E+00  0.0000E+00
Rb80  1.4435E-28  8.0648E-22  1.0771E-17  2.0424E-18  0.0000E+00  0.0000E+00  0.0000E+00  0.0000E+00  0.0000E+00
Rb81  3.8314E-11  1.8278E-11  3.3865E-11  1.5511E-11  0.0000E+00  0.0000E+00  0.0000E+00  0.0000E+00  0.0000E+00
Rb82  1.4014E-11  7.2193E-12  9.4646E-12  1.3468E-11  0.0000E+00  0.0000E+00  0.0000E+00  0.0000E+00  0.0000E+00
Rb83  8.8763E-09  1.5608E-08  5.2862E-08  1.8239E-08  0.0000E+00  0.0000E+00  0.0000E+00  0.0000E+00  0.0000E+00
Rb84  5.5152E-10  1.0724E-09  3.2591E-09  1.6823E-09  0.0000E+00  0.0000E+00  0.0000E+00  0.0000E+00  0.0000E+00
Rb85  8.8254E-07  3.3848E-06  6.6080E-06  2.9954E-06  2.7396E-07  3.8080E-07  6.3093E-07  9.0975E-07  1.4782E-06
Rb86  2.5715E-07  1.2787E-06  1.8882E-06  4.7863E-07  8.0088E-32  8.3906E-32  2.1613E-32  2.5672E-32  3.0044E-32
Rb87  2.1127E-06  9.7772E-06  2.7699E-05  6.1430E-06  1.1594E-07  1.6145E-07  2.6742E-07  3.8531E-07  6.2506E-07
Rb88  2.9202E-14  2.1139E-13  4.5163E-12  1.1482E-12  0.0000E+00  0.0000E+00  0.0000E+00  0.0000E+00  0.0000E+00
Sr84  1.3399E-07  5.3762E-07  1.3590E-06  3.1244E-07  4.6073E-09  6.3126E-09  1.0456E-08  1.5244E-08  2.5078E-08
Sr85  4.1180E-09  2.1420E-08  7.5609E-08  1.6981E-08  4.4959E-33  4.7840E-33  1.3163E-33  1.5634E-33  1.8294E-33
Sr86  1.6558E-06  6.5113E-06  1.0788E-05  5.1922E-06  1.0250E-07  1.5007E-07  2.4507E-07  3.5281E-07  5.4030E-07
Sr87  1.1073E-06  4.4747E-06  6.0074E-06  3.0688E-06  6.4921E-08  9.1547E-08  1.4934E-07  2.2252E-07  3.5179E-07
Sr88  8.6756E-06  4.3362E-05  7.6030E-05  1.9607E-05  7.4856E-07  1.0438E-06  1.7265E-06  2.4977E-06  4.0397E-06
Sr89  4.3927E-07  3.1023E-06  5.2126E-06  1.6704E-07  9.0250E-33  9.4266E-33  2.3958E-33  2.8457E-33  3.3307E-33
Sr90  1.9608E-07  1.1514E-06  7.2248E-06  9.6612E-08  0.0000E+00  0.0000E+00  0.0000E+00  0.0000E+00  0.0000E+00
Sr91  1.0347E-09  4.0949E-10  4.4528E-07  1.1975E-10  0.0000E+00  0.0000E+00  0.0000E+00  0.0000E+00  0.0000E+00
Y85   8.0467E-13  6.3991E-13  8.5644E-13  1.8766E-13  0.0000E+00  0.0000E+00  0.0000E+00  0.0000E+00  0.0000E+00
Y86   3.0344E-12  2.9942E-12  4.0882E-12  1.0053E-12  0.0000E+00  0.0000E+00  0.0000E+00  0.0000E+00  0.0000E+00
Y87   9.4331E-10  1.1568E-09  2.0553E-09  4.8513E-10  0.0000E+00  0.0000E+00  0.0000E+00  0.0000E+00  0.0000E+00
Y88   7.8817E-10  1.5978E-09  3.3988E-09  9.5713E-10  0.0000E+00  0.0000E+00  0.0000E+00  0.0000E+00  0.0000E+00
Y89   1.3268E-06  6.0141E-06  1.0089E-05  3.2960E-06  2.0002E-07  2.7885E-07  4.6158E-07  6.6583E-07  1.0783E-06
Y90   3.6773E-09  3.3456E-08  6.6331E-08  2.7696E-08  0.0000E+00  0.0000E+00  0.0000E+00  0.0000E+00  0.0000E+00
Y91   4.5381E-08  8.3687E-08  1.1754E-06  9.1157E-08  0.0000E+00  0.0000E+00  0.0000E+00  0.0000E+00  0.0000E+00
Zr90  9.5382E-07  5.1611E-06  8.4636E-06  2.0110E-06  2.4355E-07  3.3937E-07  5.6191E-07  8.1030E-07  1.3131E-06
Zr91  2.4465E-07  1.5088E-06  1.7527E-06  3.9913E-07  5.3841E-08  7.5088E-08  1.2428E-07  1.7914E-07  2.9008E-07
Zr92  3.3869E-07  2.1771E-06  2.6272E-06  6.0213E-07  8.3332E-08  1.1626E-07  1.9238E-07  2.7753E-07  4.4905E-07
Zr93  8.2366E-08  5.9646E-07  6.7122E-07  1.3705E-07  6.2796E-10  1.1939E-09  1.8418E-09  2.6933E-09  3.0382E-09
Zr94  2.1767E-07  1.3386E-06  1.5825E-06  3.6498E-07  8.5512E-08  1.1894E-07  1.9695E-07  2.8447E-07  4.6169E-07
Zr95  2.8149E-08  2.8066E-07  3.1524E-07  1.3143E-08  8.8464E-33  9.2681E-33  2.3828E-33  2.8302E-33  3.3123E-33
Zr96  5.6552E-08  5.1301E-07  9.4613E-07  3.1413E-08  0.0000E+00  0.0000E+00  0.0000E+00  0.0000E+00  0.0000E+00
Zr97  7.8381E-11  2.2459E-11  1.0579E-08  7.0815E-12  0.0000E+00  0.0000E+00  0.0000E+00  0.0000E+00  0.0000E+00
Nb91  4.7639E-10  1.4602E-09  4.5587E-09  1.3705E-09  0.0000E+00  0.0000E+00  0.0000E+00  0.0000E+00  0.0000E+00
Nb92  3.8039E-11  2.1511E-10  6.1809E-10  2.0432E-10  0.0000E+00  0.0000E+00  0.0000E+00  0.0000E+00  0.0000E+00
Nb93  1.5676E-08  1.8973E-08  2.9138E-08  3.1825E-08  3.5731E-08  4.9029E-08  8.1208E-08  1.1822E-07  1.9419E-07
Nb94  2.7965E-11  1.0593E-10  3.5247E-10  1.1847E-10  5.7163E-20  9.0859E-20  8.3345E-21  6.9071E-21  6.6343E-21
Nb95  2.2718E-09  8.6540E-09  1.0056E-08  2.4503E-09  4.8289E-33  5.0597E-33  1.3006E-33  1.5448E-33  1.8080E-33
Nb96  9.8902E-12  4.4193E-11  1.4028E-10  1.4024E-10  0.0000E+00  0.0000E+00  0.0000E+00  0.0000E+00  0.0000E+00
Nb97  7.7844E-12  3.0054E-12  8.0249E-10  1.5100E-11  0.0000E+00  0.0000E+00  0.0000E+00  0.0000E+00  0.0000E+00
Mo92  1.0229E-08  2.1724E-08  1.1799E-07  4.1534E-08  1.3737E-08  1.9008E-08  3.1544E-08  4.5435E-08  7.4236E-08
Mo93  1.7825E-10  6.8278E-10  5.4337E-09  1.4390E-09  2.7151E-16  1.6272E-15  2.1075E-16  8.5849E-17  2.5085E-16
Mo94  6.9145E-09  1.4769E-08  8.0689E-08  2.8264E-08  9.9440E-09  1.4429E-08  2.4144E-08  3.2836E-08  5.1778E-08
Mo95  1.1128E-08  2.5335E-08  2.7227E-08  3.2260E-08  1.5797E-08  2.2009E-08  3.6421E-08  5.2437E-08  8.5032E-08
Mo96  2.9673E-08  8.8928E-08  1.3195E-07  8.1049E-08  3.1141E-08  4.3482E-08  7.1934E-08  1.0369E-07  1.6768E-07
Mo97  1.0225E-08  4.2215E-08  4.8262E-08  2.4306E-08  9.8662E-09  1.3789E-08  2.2808E-08  3.2889E-08  5.3113E-08
Mo98  2.9259E-08  1.3053E-07  1.4554E-07  6.5897E-08  2.5454E-08  3.5626E-08  5.8866E-08  8.5124E-08  1.3714E-07
Xe132  7.1491E-08  2.7147E-07  3.1552E-07  1.6420E-07  8.3743E-08  1.1648E-07  1.9288E-07  2.7854E-07  4.5207E-07
Xe133  3.2010E-09  4.3308E-08  4.4747E-08  3.7781E-09  1.5884E-33  1.6635E-33  4.2767E-34  5.0799E-34  5.9451E-34
Xe134  2.5949E-08  1.3782E-07  1.5939E-07  4.0982E-08  3.1342E-08  4.3590E-08  7.2241E-08  1.0402E-07  1.6903E-07
Xe135  4.5841E-10  2.9088E-10  1.9896E-08  2.3935E-10  0.0000E+00  0.0000E+00  0.0000E+00  0.0000E+00  0.0000E+00
Cs133  1.3506E-08  2.8952E-08  3.7459E-08  2.7947E-08  2.1541E-08  2.9689E-08  4.9115E-08  7.1459E-08  1.1688E-07
Cs134  7.7673E-10  2.8545E-09  4.4664E-09  1.2384E-09  4.7475E-31  5.0302E-31  1.3455E-31  1.5971E-31  1.8689E-31
Cs135  4.9828E-09  2.4434E-08  4.2182E-08  3.3209E-09  3.5864E-11  7.0904E-11  1.3846E-10  1.5978E-10  1.6758E-10
Cs136  2.0887E-09  1.2540E-08  1.4693E-08  4.6154E-10  1.4347E-35  1.6049E-35  7.4396E-40  1.9750E-40  7.2558E-39
Cs137  1.1904E-08  8.8387E-08  7.8307E-08  2.8619E-09  0.0000E+00  0.0000E+00  0.0000E+00  0.0000E+00  0.0000E+00
Cs138  2.1904E-17  1.8912E-16  1.9979E-14  1.2903E-17  0.0000E+00  0.0000E+00  0.0000E+00  0.0000E+00  0.0000E+00
Ba134  1.1004E-08  4.0640E-08  5.2594E-08  3.2542E-08  7.8889E-09  1.1612E-08  1.9299E-08  2.6657E-08  4.1133E-08
Ba135  1.0426E-08  2.2521E-08  2.6219E-08  2.3213E-08  1.8223E-08  2.5141E-08  4.1506E-08  6.0548E-08  9.8870E-08
Ba136  3.2778E-08  1.2835E-07  1.5715E-07  8.5072E-08  2.3470E-08  3.3217E-08  5.4747E-08  7.9079E-08  1.2584E-07
Ba137  3.0728E-08  1.0584E-07  1.2439E-07  6.8593E-08  3.2188E-08  4.4805E-08  7.4097E-08  1.0732E-07  1.7385E-07
Ba138  2.1507E-07  6.7612E-07  8.1520E-07  4.6720E-07  2.0771E-07  2.8966E-07  4.7940E-07  6.9171E-07  1.1197E-06
Ba139  8.3525E-13  1.7753E-12  9.6770E-12  8.7338E-13  0.0000E+00  0.0000E+00  0.0000E+00  0.0000E+00  0.0000E+00
La138  1.3448E-11  1.7902E-11  2.2812E-11  2.7918E-11  2.1872E-11  3.0477E-11  5.0463E-11  7.2759E-11  1.1792E-10
La139  2.4675E-08  6.7031E-08  7.3668E-08  5.0768E-08  2.4212E-08  3.3748E-08  5.5866E-08  8.0579E-08  1.3053E-07
La140  1.9836E-11  3.6134E-11  1.7139E-10  8.8504E-12  0.0000E+00  0.0000E+00  0.0000E+00  0.0000E+00  0.0000E+00
Ce140  5.0690E-08  1.0152E-07  1.2415E-07  1.0713E-07  6.5173E-08  9.0830E-08  1.5038E-07  2.1686E-07  3.5135E-07
Ce141  2.3967E-09  1.2777E-08  1.1792E-08  3.5365E-10  1.0564E-33  1.1042E-33  2.8129E-34  3.3411E-34  3.9104E-34
Pr141  5.8710E-09  8.1980E-09  1.1549E-08  1.5180E-08  1.0112E-08  1.4029E-08  2.3251E-08  3.3542E-08  5.4615E-08
Pr142  3.5557E-11  5.9518E-11  3.5999E-10  2.0434E-11  0.0000E+00  0.0000E+00  0.0000E+00  0.0000E+00  0.0000E+00
Nd142  1.1913E-08  1.9916E-08  3.0927E-08  3.4740E-08  1.4152E-08  1.9806E-08  3.2762E-08  4.7198E-08  7.6137E-08
Nd143  3.1129E-09  4.1267E-09  5.3841E-09  6.5890E-09  6.0907E-09  8.3971E-09  1.3902E-08  2.0201E-08  3.3045E-08
Nd144  6.8437E-09  9.6485E-09  1.2394E-08  1.5034E-08  1.2448E-08  1.7366E-08  2.8798E-08  4.1330E-08  6.6990E-08
Hg202  8.4096E-09  1.2735E-08  1.6656E-08  1.8811E-08  1.2538E-08  1.7561E-08  2.9031E-08  4.1851E-08  6.7434E-08
Hg203  1.6938E-10  8.9616E-10  1.3324E-09  1.0562E-10  2.0604E-33  2.1416E-33  5.3316E-34  6.3326E-34  7.4125E-34
Hg204  1.4932E-09  2.1013E-09  6.1821E-09  2.4206E-09  2.8343E-09  3.9345E-09  6.5252E-09  9.3926E-09  1.5295E-08
Hg205  1.3996E-19  6.6925E-19  4.9843E-17  1.2812E-17  0.0000E+00  0.0000E+00  0.0000E+00  0.0000E+00  0.0000E+00
Tl203  4.2883E-09  5.7543E-09  7.4700E-09  1.0042E-08  6.5733E-09  9.1474E-09  1.5129E-08  2.1881E-08  3.5477E-08
Tl204  4.2565E-10  4.8341E-10  7.9028E-10  3.5049E-10  7.6823E-32  8.0774E-32  2.0637E-32  2.4492E-32  2.8704E-32
Tl205  9.1938E-09  1.1502E-08  1.5678E-08  1.6586E-08  1.5807E-08  2.1987E-08  3.6407E-08  5.2580E-08  8.5325E-08
Tl206  1.9326E-16  1.0059E-16  1.8101E-16  1.2505E-15  0.0000E+00  0.0000E+00  0.0000E+00  0.0000E+00  0.0000E+00
Pb204  2.8873E-09  5.1418E-09  6.6480E-09  9.4927E-09  3.3350E-09  4.7238E-09  7.7817E-09  1.1240E-08  1.7869E-08
Pb205  6.5912E-10  1.4594E-09  1.9633E-09  2.9900E-09  2.7473E-18  3.0773E-18  2.7043E-19  2.8425E-19  2.6998E-19
Pb206  2.3634E-08  3.3072E-08  4.3760E-08  5.2570E-08  2.9927E-08  4.1767E-08  6.9107E-08  9.9752E-08  1.6132E-07
Pb207  2.3873E-08  3.1153E-08  4.2759E-08  5.1039E-08  3.3147E-08  4.6201E-08  7.6482E-08  1.1031E-07  1.7869E-07
Pb208  6.2206E-08  7.6761E-08  1.1313E-07  1.3144E-07  9.5343E-08  1.3290E-07  2.2000E-07  3.1726E-07  5.1394E-07
Pb209  1.0061E-14  1.3860E-14  5.9626E-14  2.2298E-14  0.0000E+00  0.0000E+00  0.0000E+00  0.0000E+00  0.0000E+00
Bi208  3.7584E-10  9.5697E-10  1.1785E-09  1.2840E-09  0.0000E+00  0.0000E+00  0.0000E+00  0.0000E+00  0.0000E+00
Bi209  6.9068E-09  8.0034E-09  1.0522E-08  1.4222E-08  1.2906E-08  1.7980E-08  2.9773E-08  4.2910E-08  6.9569E-08
