#v=300 km/s  [Fe/H]=-2
Isotope 13MSun 15MSun 20MSun 25MSun 30MSun 40MSun 60MSun 80MSun 120MSun
H     4.4352E+00  5.0612E+00  6.3671E+00  7.9764E+00  9.5122E+00  1.1354E+01  1.4284E+01  1.7656E+01  1.9411E+01
H2    1.5373E-16  2.2049E-16  1.4329E-14  2.0417E-13  1.5919E-12  1.6403E-11  1.6335E-10  4.2073E-10  9.8571E-08
H3    7.4102E-25  1.4477E-22  5.4978E-19  3.2211E-17  5.2737E-16  1.4381E-14  3.2365E-14  1.4732E-13  1.2393E-12
He3   7.5900E-05  7.7419E-05  5.0481E-05  4.3525E-05  5.1972E-05  7.7360E-05  1.6408E-04  2.1144E-04  3.3255E-04
He4   3.6793E+00  4.2477E+00  4.8904E+00  5.0612E+00  5.3679E+00  5.5937E+00  7.8845E+00  1.4626E+01  2.8600E+01
Li6   1.7523E-14  3.2454E-14  8.7442E-14  1.7875E-13  3.1142E-13  5.4180E-13  2.9361E-13  4.1443E-13  9.5628E-13
Li7   2.9292E-11  7.0382E-12  3.1187E-12  7.2702E-10  3.7538E-09  1.1808E-08  1.4458E-09  2.1091E-11  3.1414E-11
Be7   1.2723E-11  7.7000E-13  2.0516E-12  6.9870E-12  1.4551E-10  1.3152E-11  1.2745E-09  1.0391E-11  5.3239E-12
Be9   3.8172E-16  7.0653E-16  1.9090E-15  4.2580E-15  7.1340E-15  1.2940E-14  5.7374E-15  7.6492E-15  1.7605E-14
Be10  9.3048E-60  1.1269E-59  1.3038E-59  9.6520E-60  0.0000E+00  0.0000E+00  0.0000E+00  0.0000E+00  0.0000E+00
B10   2.3356E-15  4.3030E-15  1.1610E-14  2.5617E-14  4.2155E-14  7.8452E-14  3.3451E-14  4.4162E-14  1.0227E-13
B11   5.3856E-13  5.2223E-13  2.3682E-13  4.1531E-13  6.7977E-13  1.3335E-12  6.5170E-13  8.0253E-13  1.8628E-12
C12   1.4771E-01  1.8516E-01  3.1585E-01  1.0162E+00  3.4232E-02  3.6052E-02  2.4470E-01  5.0586E-01  1.2278E+00
C13   9.7654E-05  7.4478E-05  4.8505E-05  2.9785E-05  1.4373E-03  2.6068E-03  6.4752E-03  7.1104E-03  7.2227E-03
C14   7.2650E-04  6.4366E-04  1.0511E-03  5.9400E-03  1.7640E-13  3.9042E-12  3.2631E-11  2.3218E-11  2.7368E-11
N13   2.0640E-13  2.6564E-13  1.5947E-12  1.3858E-12  4.7507E-14  7.2547E-13  8.0842E-13  6.1206E-13  2.9603E-13
N14   6.8991E-02  6.4684E-02  1.5888E-02  6.2226E-03  1.5163E-02  4.9264E-02  7.6361E-02  6.3001E-02  6.0341E-02
N15   5.0776E-04  6.6574E-04  3.1172E-04  5.2229E-04  3.0583E-07  9.7055E-07  1.4830E-06  1.2427E-06  1.1680E-06
N16   3.3099E-29  5.3186E-29  6.4777E-28  1.7240E-22  0.0000E+00  0.0000E+00  0.0000E+00  0.0000E+00  0.0000E+00
O15   1.6025E-16  4.1074E-17  8.3450E-16  8.9600E-14  4.2587E-16  2.4223E-14  1.2273E-14  6.3173E-15  2.8280E-15
O16   1.2467E+00  1.5982E+00  3.7066E+00  5.9367E+00  8.2413E-03  2.1737E-02  8.2285E-02  1.3101E-01  3.1784E-01
O17   1.6658E-04  1.9282E-04  1.3429E-04  3.3284E-04  4.9882E-06  1.2637E-05  1.2907E-05  9.2943E-06  6.4827E-06
O18   5.8789E-02  8.5216E-02  4.1323E-02  8.8226E-03  6.4690E-07  9.4481E-07  5.0092E-06  8.5509E-06  9.6447E-06
O19   1.6257E-22  1.2043E-21  3.9855E-21  5.6551E-19  0.0000E+00  0.0000E+00  0.0000E+00  0.0000E+00  0.0000E+00
F17   1.7423E-17  1.3899E-17  4.1438E-17  3.6592E-21  6.6403E-19  8.7112E-17  3.6346E-17  1.3451E-17  3.6292E-18
F18   6.8331E-07  5.8807E-06  1.6373E-07  1.2699E-07  8.7336E-20  2.2179E-17  7.6930E-18  2.4742E-18  6.0991E-19
F19   2.7623E-05  5.0041E-05  1.9593E-04  7.9242E-04  5.0103E-08  6.0119E-08  1.0540E-07  2.4362E-07  1.6251E-07
F20   1.8368E-23  2.1418E-23  2.2552E-19  4.7798E-19  0.0000E+00  0.0000E+00  0.0000E+00  0.0000E+00  0.0000E+00
Ne20  6.3514E-02  6.5029E-02  1.7943E-01  6.4166E-01  1.6230E-04  2.1705E-04  4.4238E-04  4.9688E-04  7.6625E-04
Ne21  6.6926E-04  6.6661E-04  2.1246E-03  1.6549E-03  1.0899E-06  4.3833E-06  2.2458E-05  1.8859E-05  3.1998E-05
Ne22  6.1655E-02  9.8145E-02  1.1678E-01  1.6597E-01  8.5090E-05  2.1651E-04  1.5482E-03  1.2208E-03  2.6205E-03
Ne23  5.7178E-15  4.8612E-14  4.3622E-15  9.1804E-14  0.0000E+00  0.0000E+00  0.0000E+00  0.0000E+00  0.0000E+00
Na21  3.6073E-16  6.3526E-16  1.6715E-15  6.7925E-14  0.0000E+00  0.0000E+00  0.0000E+00  0.0000E+00  0.0000E+00
Na22  4.1365E-08  1.2392E-07  6.1789E-07  4.6982E-06  1.0744E-19  1.2696E-16  7.0461E-17  9.6367E-18  2.5017E-18
Na23  7.1657E-04  1.2310E-03  1.3785E-03  6.9613E-03  3.0229E-05  4.1936E-05  6.5599E-05  6.7604E-05  9.5018E-05
Na24  1.4398E-10  4.8762E-09  7.5811E-07  4.9448E-06  0.0000E+00  0.0000E+00  0.0000E+00  0.0000E+00  0.0000E+00
Mg23  1.0831E-14  3.1041E-14  4.6895E-15  6.5054E-13  0.0000E+00  0.0000E+00  0.0000E+00  0.0000E+00  0.0000E+00
Mg24  1.0340E-02  1.0635E-02  3.7297E-02  1.2050E-01  1.5045E-04  1.7021E-04  2.2455E-04  3.1637E-04  4.2287E-04
Mg25  1.4060E-02  1.8917E-02  3.2827E-02  1.2198E-02  1.1591E-05  1.4781E-05  2.7550E-05  3.0446E-05  5.8539E-05
Mg26  2.8642E-02  4.4782E-02  4.2688E-02  1.5666E-02  1.8034E-05  2.2331E-05  3.5492E-05  3.8576E-05  5.0544E-05
Mg27  1.3256E-11  7.7259E-11  3.0823E-11  5.4973E-10  0.0000E+00  0.0000E+00  0.0000E+00  0.0000E+00  0.0000E+00
Al25  8.1156E-19  1.0404E-18  2.0706E-17  6.7471E-17  0.0000E+00  0.0000E+00  0.0000E+00  0.0000E+00  0.0000E+00
Al26  5.8376E-06  1.7900E-05  5.4455E-05  1.5123E-04  4.8932E-07  4.3883E-07  1.1003E-06  7.9287E-06  2.8477E-05
Alg6  3.4710E-07  3.0136E-07  3.6984E-07  3.1855E-08  4.8932E-07  4.3883E-07  1.1003E-06  7.9287E-06  2.8477E-05
Alm6  1.8032E-14  3.5849E-14  4.0513E-11  9.2872E-16  1.2268E-24  5.1215E-23  2.6069E-23  2.9656E-23  1.0785E-22
Al27  5.8880E-04  9.3723E-04  3.1995E-03  1.2423E-02  2.0179E-05  2.3087E-05  3.7188E-05  8.5414E-05  2.3008E-04
Al28  3.9604E-13  1.6413E-12  3.1200E-13  2.8995E-10  0.0000E+00  0.0000E+00  0.0000E+00  0.0000E+00  0.0000E+00
Si27  1.4136E-18  2.1963E-18  8.1271E-19  1.1296E-13  0.0000E+00  0.0000E+00  0.0000E+00  0.0000E+00  0.0000E+00
Si28  3.7697E-01  4.2532E-01  1.9064E-01  2.6073E-01  2.3767E-04  2.7133E-04  3.6285E-04  5.3925E-04  8.4987E-04
Si29  5.4310E-04  1.0869E-03  5.3910E-03  5.3591E-03  1.2339E-05  1.4191E-05  1.9408E-05  2.7594E-05  4.1932E-05
Si30  2.1186E-04  3.4220E-04  6.5096E-03  6.9175E-03  8.6304E-06  9.9634E-06  1.4574E-05  2.1223E-05  3.5979E-05
Si31  2.7868E-10  1.2663E-09  2.8766E-07  1.3307E-07  0.0000E+00  0.0000E+00  0.0000E+00  0.0000E+00  0.0000E+00
Si32  3.6953E-11  2.8007E-10  4.2025E-08  1.4231E-08  0.0000E+00  0.0000E+00  0.0000E+00  0.0000E+00  0.0000E+00
P29   7.6450E-21  1.5717E-20  8.6587E-21  1.8675E-19  0.0000E+00  0.0000E+00  0.0000E+00  0.0000E+00  0.0000E+00
P30   2.4944E-14  8.2183E-14  2.1589E-12  8.4383E-09  0.0000E+00  0.0000E+00  0.0000E+00  0.0000E+00  0.0000E+00
P31   8.3784E-04  1.3249E-03  1.6912E-03  1.9788E-03  9.0409E-07  1.1130E-06  2.3890E-06  2.6541E-06  5.0663E-06
P32   1.0325E-06  1.0323E-06  5.2810E-06  2.2221E-06  3.0693E-34  5.5986E-33  1.1595E-32  5.6676E-33  2.4354E-28
P33   6.3215E-07  4.7256E-07  3.3267E-06  7.8244E-07  0.0000E+00  0.0000E+00  0.0000E+00  0.0000E+00  0.0000E+00
P34   1.5763E-22  6.2559E-22  8.8870E-20  4.4757E-19  0.0000E+00  0.0000E+00  0.0000E+00  0.0000E+00  0.0000E+00
S31   3.0271E-24  2.6487E-24  1.7267E-22  2.8423E-17  0.0000E+00  0.0000E+00  0.0000E+00  0.0000E+00  0.0000E+00
S32   3.3035E-01  3.4554E-01  1.1262E-01  9.0577E-02  9.8463E-05  1.1216E-04  1.4639E-04  2.1468E-04  3.1890E-04
S33   1.0107E-03  1.4353E-03  9.3684E-04  1.0295E-03  9.1117E-07  1.1672E-06  2.3336E-06  3.7368E-06  8.1230E-06
S34   9.0132E-03  9.7887E-03  1.0498E-02  5.9027E-03  4.7701E-06  5.6140E-06  9.0159E-06  1.1759E-05  1.9537E-05
S35   5.6284E-07  1.6651E-06  7.8933E-06  1.3178E-06  3.7713E-33  4.7101E-32  8.4850E-32  5.9646E-32  1.4886E-27
S36   1.1137E-07  4.8917E-07  4.9894E-06  6.1269E-07  2.3365E-08  2.6674E-08  3.5264E-08  5.1552E-08  7.7478E-08
S37   9.9312E-20  3.6634E-19  3.6866E-19  2.7814E-18  0.0000E+00  0.0000E+00  0.0000E+00  0.0000E+00  0.0000E+00
Cl33  4.3674E-26  6.6736E-26  1.3880E-25  7.7762E-24  0.0000E+00  0.0000E+00  0.0000E+00  0.0000E+00  0.0000E+00
Cl34  2.5452E-26  3.9886E-26  2.1301E-26  8.7729E-22  0.0000E+00  0.0000E+00  0.0000E+00  0.0000E+00  0.0000E+00
Cl35  1.0962E-03  1.4385E-03  6.5596E-04  4.7479E-04  9.1898E-07  1.0462E-06  1.3691E-06  1.9794E-06  2.9039E-06
Cl36  5.6842E-06  1.3861E-05  6.1562E-06  2.3228E-06  1.2779E-09  2.4634E-09  1.4574E-08  2.4545E-08  6.5061E-08
Cl37  5.3816E-06  1.3473E-05  9.1488E-06  6.0149E-06  3.7565E-07  4.9876E-07  1.1022E-06  1.8362E-06  4.2369E-06
Cl38  6.2030E-15  1.3617E-13  3.2276E-12  7.8085E-12  0.0000E+00  0.0000E+00  0.0000E+00  0.0000E+00  0.0000E+00
Ar36  8.1083E-02  7.8665E-02  2.1335E-02  1.5081E-02  1.8766E-05  2.1333E-05  2.7559E-05  4.0272E-05  5.8847E-05
Ar37  3.7612E-04  4.4200E-04  9.4388E-05  6.4841E-05  2.8849E-26  9.4296E-25  1.3045E-23  1.3037E-20  4.5833E-16
Ar38  2.2663E-02  2.1706E-02  5.8211E-03  2.4132E-03  3.6161E-06  4.1437E-06  5.6037E-06  8.0821E-06  1.2315E-05
Ar39  8.0970E-07  2.6093E-06  3.6299E-07  2.8900E-07  2.1387E-27  9.7646E-26  4.8963E-25  5.7719E-24  6.6902E-19
Ar40  5.5942E-08  6.7668E-08  3.0536E-07  1.6879E-07  6.0993E-09  7.0631E-09  1.1183E-08  1.6256E-08  2.5640E-08
Ar41  2.6261E-15  8.5975E-14  4.5140E-11  2.9139E-11  0.0000E+00  0.0000E+00  0.0000E+00  0.0000E+00  0.0000E+00
K37   4.8520E-36  5.8443E-36  4.4477E-33  4.4568E-33  0.0000E+00  0.0000E+00  0.0000E+00  0.0000E+00  0.0000E+00
K38   1.7314E-21  9.1799E-20  1.0896E-13  4.2833E-11  0.0000E+00  0.0000E+00  0.0000E+00  0.0000E+00  0.0000E+00
K39   2.6294E-03  2.8866E-03  4.2456E-04  2.2025E-04  4.3065E-07  4.9703E-07  7.0416E-07  1.0022E-06  1.5850E-06
K40   1.3535E-06  3.5975E-06  5.9635E-07  3.2208E-07  2.2824E-09  5.0146E-09  2.7024E-08  3.2019E-08  8.9340E-08
K41   2.4147E-07  6.5971E-07  2.8000E-07  3.5742E-07  3.3748E-08  4.1716E-08  8.1772E-08  1.0308E-07  2.0063E-07
K42   6.4680E-11  6.7979E-10  1.0818E-08  7.4576E-09  0.0000E+00  0.0000E+00  0.0000E+00  0.0000E+00  0.0000E+00
Ca40  9.7039E-02  8.6859E-02  1.8465E-02  1.2615E-02  2.0829E-05  2.3691E-05  3.0680E-05  4.4964E-05  6.6078E-05
Ca41  2.1805E-04  3.0713E-04  2.6106E-05  1.5192E-05  2.0537E-08  2.6476E-08  6.8162E-08  2.3631E-07  6.0316E-07
Ca42  1.0778E-03  9.8296E-04  2.2312E-04  7.4500E-05  1.6920E-07  2.1893E-07  4.2127E-07  7.6340E-07  1.7206E-06
Ca43  1.7638E-06  3.5743E-06  7.3088E-07  5.3443E-07  3.5744E-08  4.8072E-08  9.8826E-08  1.7336E-07  4.0528E-07
Ca44  9.5507E-07  1.4759E-06  1.5311E-06  2.3844E-06  5.0266E-07  6.1023E-07  1.0335E-06  1.3984E-06  2.5774E-06
Ca45  3.4817E-08  7.5554E-09  1.8782E-07  1.2102E-07  2.0033E-32  3.6289E-31  6.4296E-31  3.8790E-31  1.5121E-26
Ca46  3.3607E-08  2.0201E-09  2.5851E-07  3.9843E-08  9.8872E-10  1.1257E-09  1.4733E-09  2.1560E-09  3.1745E-09
Ca47  4.0496E-09  3.4771E-11  6.0352E-08  8.7554E-10  6.8015E-37  4.8990E-36  6.9370E-36  8.9617E-36  3.1777E-32
Ca48  2.8862E-08  3.2838E-08  5.3034E-08  5.2802E-08  4.8324E-08  5.5127E-08  7.2538E-08  1.0625E-07  1.5911E-07
Ca49  8.5911E-19  3.6346E-18  2.2364E-18  2.6871E-17  0.0000E+00  0.0000E+00  0.0000E+00  0.0000E+00  0.0000E+00
Sc41  1.0995E-50  7.5343E-51  5.5937E-46  2.0151E-46  0.0000E+00  0.0000E+00  0.0000E+00  0.0000E+00  0.0000E+00
Sc42  1.0328E-41  5.0640E-42  2.3016E-41  5.0022E-40  0.0000E+00  0.0000E+00  0.0000E+00  0.0000E+00  0.0000E+00
Sc43  1.0332E-07  1.5456E-07  2.8919E-08  3.8230E-08  0.0000E+00  0.0000E+00  0.0000E+00  0.0000E+00  0.0000E+00
Sc44  8.6343E-08  1.8569E-07  1.0620E-08  4.4109E-09  0.0000E+00  0.0000E+00  0.0000E+00  0.0000E+00  0.0000E+00
Sc45  3.8432E-06  3.7046E-06  9.7280E-07  7.3770E-07  8.1766E-09  1.3826E-08  4.8281E-08  5.4139E-08  1.4066E-07
Sc46  2.3477E-09  7.5306E-09  2.6869E-08  5.6989E-08  6.7565E-33  3.3234E-31  6.6432E-31  2.2612E-31  1.9732E-26
Sc47  2.2283E-09  1.0973E-09  2.8976E-08  1.2476E-08  5.1831E-37  3.7334E-36  5.2867E-36  6.8320E-36  2.4217E-32
Sc48  4.7701E-12  9.0319E-12  8.2154E-09  1.8745E-09  0.0000E+00  0.0000E+00  0.0000E+00  0.0000E+00  0.0000E+00
Sc49  8.5217E-16  2.0227E-15  2.6712E-11  1.0800E-11  0.0000E+00  0.0000E+00  0.0000E+00  0.0000E+00  0.0000E+00
Ti44  6.1529E-05  5.8712E-05  3.2447E-05  4.5730E-05  0.0000E+00  0.0000E+00  0.0000E+00  0.0000E+00  0.0000E+00
Ti45  1.0195E-06  8.7912E-07  2.1547E-07  1.3672E-07  0.0000E+00  0.0000E+00  0.0000E+00  0.0000E+00  0.0000E+00
Ti46  6.8528E-04  6.3969E-04  8.4942E-05  3.4430E-05  7.5903E-08  9.7967E-08  2.1858E-07  2.3784E-07  4.7345E-07
Ti47  7.2040E-06  1.0788E-05  2.1573E-06  1.4282E-06  6.8381E-08  8.1149E-08  1.3307E-07  1.6566E-07  2.7474E-07
Ti48  1.4550E-06  2.1007E-06  1.2610E-06  1.3371E-06  6.8802E-07  7.8768E-07  1.0690E-06  1.4883E-06  2.2012E-06
Ti49  1.7752E-07  2.4853E-07  3.4047E-07  9.0545E-07  5.4454E-08  6.7488E-08  1.6281E-07  1.5539E-07  2.8332E-07
Ti50  1.0250E-06  1.4177E-06  2.4293E-06  5.2286E-06  5.4177E-08  7.4202E-08  2.9038E-07  1.9952E-07  4.1741E-07
Ti51  1.5505E-15  6.0055E-15  1.6327E-15  5.7144E-12  0.0000E+00  0.0000E+00  0.0000E+00  0.0000E+00  0.0000E+00
V45   9.0739E-55  1.3142E-54  2.8915E-52  6.1005E-47  0.0000E+00  0.0000E+00  0.0000E+00  0.0000E+00  0.0000E+00
V46   2.5862E-58  2.5211E-58  8.3993E-52  2.1138E-47  0.0000E+00  0.0000E+00  0.0000E+00  0.0000E+00  0.0000E+00
V47   2.8191E-10  4.2082E-10  1.2702E-10  3.5628E-10  0.0000E+00  0.0000E+00  0.0000E+00  0.0000E+00  0.0000E+00
V48   1.3806E-06  1.8753E-06  2.5436E-07  8.7926E-08  0.0000E+00  0.0000E+00  0.0000E+00  0.0000E+00  0.0000E+00
V49   1.1273E-05  1.0950E-05  3.4604E-06  2.1925E-06  0.0000E+00  0.0000E+00  0.0000E+00  0.0000E+00  0.0000E+00
V50   2.1333E-08  5.4299E-08  2.1670E-08  2.6065E-08  1.1607E-10  1.3201E-10  1.7015E-10  2.4574E-10  3.5485E-10
V51   2.6962E-07  6.4446E-07  4.3764E-07  6.6439E-07  4.7556E-08  5.4511E-08  7.8550E-08  1.0448E-07  1.5666E-07
V52   6.0856E-16  2.0883E-15  3.8037E-15  1.3176E-11  0.0000E+00  0.0000E+00  0.0000E+00  0.0000E+00  0.0000E+00
Cr48  9.4314E-05  8.8924E-05  7.6557E-05  9.5994E-05  0.0000E+00  0.0000E+00  0.0000E+00  0.0000E+00  0.0000E+00
Cr49  1.8378E-08  1.7367E-08  6.6472E-09  5.5984E-09  0.0000E+00  0.0000E+00  0.0000E+00  0.0000E+00  0.0000E+00
Cr50  9.3933E-04  1.0184E-03  1.3189E-04  5.0505E-05  1.0345E-07  1.1766E-07  1.5165E-07  2.1901E-07  3.1623E-07
Cr51  4.5898E-05  5.8687E-05  9.8382E-06  4.0074E-06  3.8228E-27  1.9489E-25  3.2457E-24  1.5376E-21  2.5383E-17
Cr52  9.4314E-05  2.7296E-04  2.3398E-05  8.8194E-06  2.0869E-06  2.3749E-06  3.1014E-06  4.5142E-06  6.6515E-06
Cr53  2.5506E-07  8.3081E-07  3.5513E-07  5.3017E-07  2.4079E-07  2.7409E-07  3.5705E-07  5.1971E-07  7.6406E-07
Cr54  4.9578E-07  6.9087E-07  1.2596E-06  1.4777E-06  6.6503E-08  8.0751E-08  1.4096E-07  2.2522E-07  4.5128E-07
Cr55  9.3956E-16  3.3902E-15  3.1086E-16  2.1218E-13  0.0000E+00  0.0000E+00  0.0000E+00  0.0000E+00  0.0000E+00
Mn50  9.3048E-60  1.1269E-59  1.3038E-59  4.6791E-57  0.0000E+00  0.0000E+00  0.0000E+00  0.0000E+00  0.0000E+00
Mn51  3.7313E-08  4.0788E-08  1.2639E-08  7.5154E-09  0.0000E+00  0.0000E+00  0.0000E+00  0.0000E+00  0.0000E+00
Mn52  2.2210E-04  1.9489E-04  1.4595E-04  1.2424E-04  0.0000E+00  0.0000E+00  0.0000E+00  0.0000E+00  0.0000E+00
Mn53  1.5874E-04  2.4724E-04  6.2163E-05  3.5494E-05  0.0000E+00  0.0000E+00  0.0000E+00  0.0000E+00  0.0000E+00
Mn54  5.8454E-07  3.5550E-06  1.0603E-07  8.1412E-08  0.0000E+00  0.0000E+00  0.0000E+00  0.0000E+00  0.0000E+00
Mn55  1.2598E-06  3.1290E-06  1.5229E-06  1.6338E-06  1.6348E-06  1.8510E-06  2.3921E-06  3.5145E-06  5.1263E-06
Mn56  1.2193E-11  3.2511E-10  4.0578E-09  3.4981E-09  0.0000E+00  0.0000E+00  0.0000E+00  0.0000E+00  0.0000E+00
Mn57  9.2010E-22  1.0368E-20  8.6109E-18  3.4120E-15  0.0000E+00  0.0000E+00  0.0000E+00  0.0000E+00  0.0000E+00
Fe52  6.5936E-04  5.7458E-04  4.3894E-04  3.7443E-04  0.0000E+00  0.0000E+00  0.0000E+00  0.0000E+00  0.0000E+00
Fe53  1.2058E-18  3.4524E-18  7.8812E-15  8.8131E-13  0.0000E+00  0.0000E+00  0.0000E+00  0.0000E+00  0.0000E+00
Fe54  1.2573E-02  2.6293E-02  5.0089E-03  1.6561E-03  1.0897E-05  1.2390E-05  1.5970E-05  2.3092E-05  3.3362E-05
Fe55  4.4095E-04  1.1895E-03  1.2918E-04  4.8593E-05  3.4516E-16  6.8968E-15  8.3396E-13  3.9569E-11  2.1852E-10
Fe56  1.2504E-03  3.3625E-03  3.5920E-04  2.1083E-04  1.7819E-04  2.0259E-04  2.6193E-04  3.8352E-04  5.6226E-04
Fe57  3.8515E-06  9.7503E-06  4.6643E-06  5.3148E-06  4.3338E-06  4.9332E-06  6.5486E-06  1.0580E-05  1.7151E-05
Fe58  2.0646E-06  2.2775E-06  4.4816E-06  6.0233E-06  8.5420E-07  1.2160E-06  2.6365E-06  6.4113E-06  1.6093E-05
Fe59  1.2442E-07  1.8225E-08  1.0672E-06  1.9406E-07  1.0894E-31  2.6991E-30  3.4350E-30  3.4188E-30  1.1452E-25
Fe60  1.4862E-07  3.7615E-09  2.4033E-06  6.1109E-08  6.6524E-13  1.0044E-11  8.3576E-11  3.1873E-10  3.1161E-10
Fe61  2.3901E-19  2.5619E-19  1.5747E-16  3.8109E-16  0.0000E+00  0.0000E+00  0.0000E+00  0.0000E+00  0.0000E+00
Co54  9.3048E-60  1.1269E-59  1.3038E-59  9.6520E-60  0.0000E+00  0.0000E+00  0.0000E+00  0.0000E+00  0.0000E+00
Co55  4.8685E-04  4.8780E-04  1.7959E-04  9.7416E-05  0.0000E+00  0.0000E+00  0.0000E+00  0.0000E+00  0.0000E+00
Co56  5.2784E-06  1.1194E-05  2.7904E-06  1.8607E-06  0.0000E+00  0.0000E+00  0.0000E+00  0.0000E+00  0.0000E+00
Co57  1.7136E-04  2.6254E-04  1.3076E-04  1.2867E-04  0.0000E+00  0.0000E+00  0.0000E+00  0.0000E+00  0.0000E+00
Co58  3.1512E-07  2.1079E-06  3.5250E-08  2.3590E-08  0.0000E+00  0.0000E+00  0.0000E+00  0.0000E+00  0.0000E+00
Co59  8.2701E-07  1.7420E-06  1.1778E-06  2.2788E-06  6.9263E-07  8.7668E-07  1.4911E-06  2.7710E-06  6.0241E-06
Co60  1.4298E-08  1.6846E-08  4.8370E-08  1.8418E-07  1.2196E-18  1.8283E-17  1.5180E-16  5.7877E-16  5.6390E-16
Co61  1.0711E-14  5.4195E-13  4.2574E-09  2.4787E-09  0.0000E+00  0.0000E+00  0.0000E+00  0.0000E+00  0.0000E+00
Ni56  7.0000E-02  7.0000E-02  7.0000E-02  7.0000E-02  0.0000E+00  0.0000E+00  0.0000E+00  0.0000E+00  0.0000E+00
Ni57  2.4119E-03  2.4950E-03  2.2539E-03  2.3895E-03  0.0000E+00  0.0000E+00  0.0000E+00  0.0000E+00  0.0000E+00
Ni58  5.5206E-03  6.4954E-03  4.8466E-03  4.2785E-03  7.1573E-06  8.1359E-06  1.0486E-05  1.5168E-05  2.1923E-05
Ni59  1.4037E-04  1.7760E-04  1.1664E-04  1.1885E-04  6.9311E-09  4.5611E-09  6.2595E-09  2.8533E-08  5.4152E-08
Ni60  1.2367E-03  1.3386E-03  1.3499E-03  1.6367E-03  2.9234E-06  3.4493E-06  5.0085E-06  7.7818E-06  1.3760E-05
Ni61  3.7088E-05  3.9516E-05  3.6424E-05  4.0993E-05  1.5026E-07  2.1666E-07  4.9243E-07  8.6453E-07  2.1222E-06
Ni62  1.2758E-05  1.2494E-05  1.2556E-05  1.4745E-05  4.5204E-07  6.4515E-07  1.5077E-06  2.2318E-06  5.3000E-06
Ni63  1.2531E-07  7.8281E-08  5.0635E-07  1.1991E-06  3.0687E-28  9.7781E-26  4.6804E-25  3.3914E-24  1.9021E-19
Ni64  8.2224E-07  8.9895E-07  1.9527E-06  5.1653E-06  1.1808E-07  2.1221E-07  9.4262E-07  7.1843E-07  1.7462E-06
Ni65  3.9414E-14  2.8655E-12  1.3793E-09  1.7114E-09  0.0000E+00  0.0000E+00  0.0000E+00  0.0000E+00  0.0000E+00
Cu57  9.3048E-60  1.1269E-59  1.3038E-59  9.6520E-60  0.0000E+00  0.0000E+00  0.0000E+00  0.0000E+00  0.0000E+00
Cu58  9.0550E-45  6.6144E-47  2.0546E-39  1.0591E-33  0.0000E+00  0.0000E+00  0.0000E+00  0.0000E+00  0.0000E+00
Cu59  1.1643E-22  7.6272E-22  5.8558E-22  1.8964E-19  0.0000E+00  0.0000E+00  0.0000E+00  0.0000E+00  0.0000E+00
Cu60  2.5118E-08  2.6704E-08  2.8558E-08  4.8097E-08  0.0000E+00  0.0000E+00  0.0000E+00  0.0000E+00  0.0000E+00
Cu61  2.8930E-05  3.0557E-05  2.8296E-05  3.1548E-05  0.0000E+00  0.0000E+00  0.0000E+00  0.0000E+00  0.0000E+00
Cu62  4.1154E-07  3.9512E-07  3.5730E-07  3.6042E-07  0.0000E+00  0.0000E+00  0.0000E+00  0.0000E+00  0.0000E+00
Cu63  1.1114E-06  1.1036E-06  1.1789E-06  2.1675E-06  9.3032E-08  1.7697E-07  6.2550E-07  8.0392E-07  2.1313E-06
Cu64  3.7675E-10  1.8034E-09  7.2081E-09  2.9399E-08  8.8162E-34  5.3157E-32  1.0307E-31  3.2107E-32  3.1448E-27
Cu65  5.1966E-07  6.4750E-07  9.3662E-07  2.5662E-06  4.6441E-08  1.4270E-07  8.7756E-07  6.3668E-07  1.7895E-06
Cu66  2.9599E-15  1.1157E-14  4.8076E-15  3.1843E-11  0.0000E+00  0.0000E+00  0.0000E+00  0.0000E+00  0.0000E+00
Zn60  4.4901E-25  9.4561E-25  6.9505E-25  2.6328E-21  0.0000E+00  0.0000E+00  0.0000E+00  0.0000E+00  0.0000E+00
Zn61  2.5597E-31  4.6143E-30  4.8314E-25  4.4119E-20  0.0000E+00  0.0000E+00  0.0000E+00  0.0000E+00  0.0000E+00
Zn62  6.1087E-04  6.1488E-04  5.5796E-04  5.3240E-04  0.0000E+00  0.0000E+00  0.0000E+00  0.0000E+00  0.0000E+00
Zn63  1.1610E-09  1.0412E-09  1.2855E-09  2.3024E-09  0.0000E+00  0.0000E+00  0.0000E+00  0.0000E+00  0.0000E+00
Zn64  5.3516E-06  5.1880E-06  6.5169E-06  1.0794E-05  1.3241E-07  1.9281E-07  5.0141E-07  6.0104E-07  1.3920E-06
Zn65  5.6825E-07  6.2163E-07  5.0425E-07  7.2032E-07  1.8279E-29  3.8900E-27  2.8571E-26  6.5967E-25  3.1760E-19
Zn66  2.8469E-06  2.9643E-06  3.1321E-06  5.7303E-06  7.8941E-08  1.4841E-07  7.2053E-07  4.6808E-07  1.1554E-06
Zn67  1.0547E-07  1.3293E-07  1.6697E-07  8.0989E-07  1.2082E-08  2.6459E-08  1.5366E-07  8.7987E-08  2.2628E-07
Zn68  7.0680E-07  9.1909E-07  1.5211E-06  6.5556E-06  5.4678E-08  1.2603E-07  9.3639E-07  3.6603E-07  9.1911E-07
Zn69  3.3790E-14  1.6433E-12  2.7291E-10  2.0439E-09  0.0000E+00  0.0000E+00  0.0000E+00  0.0000E+00  0.0000E+00
Zn70  9.1171E-10  1.0539E-09  1.8540E-07  7.9464E-08  1.7230E-09  1.9581E-09  2.5245E-09  3.6626E-09  5.3050E-09
Zn71  5.2986E-22  2.6924E-21  4.5552E-20  3.2022E-16  0.0000E+00  0.0000E+00  0.0000E+00  0.0000E+00  0.0000E+00
Ga62  9.3048E-60  1.1269E-59  1.3038E-59  9.6520E-60  0.0000E+00  0.0000E+00  0.0000E+00  0.0000E+00  0.0000E+00
Ga63  5.9970E-38  7.9364E-37  2.3126E-34  8.2880E-29  0.0000E+00  0.0000E+00  0.0000E+00  0.0000E+00  0.0000E+00
Ga64  2.1645E-34  3.7313E-33  1.9004E-26  1.9019E-21  0.0000E+00  0.0000E+00  0.0000E+00  0.0000E+00  0.0000E+00
Ga65  1.1422E-13  1.3492E-13  1.0217E-13  2.3274E-13  0.0000E+00  0.0000E+00  0.0000E+00  0.0000E+00  0.0000E+00
Ga66  5.9994E-06  5.9845E-06  5.2613E-06  4.9925E-06  0.0000E+00  0.0000E+00  0.0000E+00  0.0000E+00  0.0000E+00
Ga67  2.4610E-08  2.4084E-08  1.9728E-08  2.9533E-08  0.0000E+00  0.0000E+00  0.0000E+00  0.0000E+00  0.0000E+00
Ga68  1.5991E-12  9.6303E-13  6.8966E-12  3.0531E-10  0.0000E+00  0.0000E+00  0.0000E+00  0.0000E+00  0.0000E+00
Ga69  1.1344E-07  1.5113E-07  2.4186E-07  1.1263E-06  5.5322E-09  1.5581E-08  1.3870E-07  4.5947E-08  1.1901E-07
Ga70  1.1711E-14  1.2443E-13  3.1996E-12  6.9755E-10  0.0000E+00  0.0000E+00  0.0000E+00  0.0000E+00  0.0000E+00
Ga71  1.0068E-07  1.5198E-07  2.9401E-07  9.0383E-07  3.7783E-09  1.2390E-08  1.3518E-07  3.3944E-08  8.8481E-08
Ga72  3.1100E-13  2.8790E-11  1.6653E-08  2.9830E-08  0.0000E+00  0.0000E+00  0.0000E+00  0.0000E+00  0.0000E+00
Ge64  4.4530E-47  5.3891E-45  6.2463E-35  1.3607E-28  0.0000E+00  0.0000E+00  0.0000E+00  0.0000E+00  0.0000E+00
Ge65  1.5192E-45  2.0345E-44  4.0371E-37  1.6408E-32  0.0000E+00  0.0000E+00  0.0000E+00  0.0000E+00  0.0000E+00
Ge66  1.1753E-06  1.1743E-06  1.0313E-06  9.9362E-07  0.0000E+00  0.0000E+00  0.0000E+00  0.0000E+00  0.0000E+00
Ge67  5.6086E-15  5.8997E-15  4.5921E-15  2.1165E-14  0.0000E+00  0.0000E+00  0.0000E+00  0.0000E+00  0.0000E+00
Ge68  9.6927E-09  5.5342E-09  3.0548E-08  5.9659E-08  0.0000E+00  0.0000E+00  0.0000E+00  0.0000E+00  0.0000E+00
Ge69  6.9797E-12  1.1854E-11  5.7894E-11  1.0238E-09  0.0000E+00  0.0000E+00  0.0000E+00  0.0000E+00  0.0000E+00
Ge70  1.9849E-07  2.5662E-07  4.0248E-07  1.9701E-06  7.8230E-09  2.2256E-08  2.1431E-07  6.1843E-08  1.5834E-07
Ge71  1.0299E-08  5.9730E-09  3.4259E-08  2.1246E-07  4.9993E-34  7.0328E-32  2.6900E-31  1.4420E-32  4.1301E-27
Ge72  2.2669E-07  2.9492E-07  5.5683E-07  2.3579E-06  1.0172E-08  2.3745E-08  2.2910E-07  5.6858E-08  1.3491E-07
Ge73  6.2472E-08  8.1569E-08  1.2423E-07  7.2319E-07  2.8796E-09  6.5583E-09  6.3672E-08  1.5347E-08  3.5980E-08
Ge74  4.0048E-07  5.3857E-07  9.2386E-07  4.4633E-06  1.3634E-08  3.1687E-08  3.6757E-07  6.7937E-08  1.5460E-07
Ge75  4.6098E-14  2.2470E-12  6.1525E-10  6.8103E-09  0.0000E+00  0.0000E+00  0.0000E+00  0.0000E+00  0.0000E+00
Ge76  1.4932E-09  1.7268E-09  2.7320E-07  1.6752E-07  2.8245E-09  3.2100E-09  4.1384E-09  6.0028E-09  8.6923E-09
Ge77  5.2337E-19  2.3127E-16  3.8005E-09  9.9906E-10  0.0000E+00  0.0000E+00  0.0000E+00  0.0000E+00  0.0000E+00
As71  4.4005E-13  5.7452E-13  4.1648E-12  1.0256E-10  0.0000E+00  0.0000E+00  0.0000E+00  0.0000E+00  0.0000E+00
As72  3.2058E-14  1.1026E-13  2.8618E-12  2.0092E-10  0.0000E+00  0.0000E+00  0.0000E+00  0.0000E+00  0.0000E+00
As73  1.3054E-10  1.2597E-10  1.0367E-09  1.7848E-08  0.0000E+00  0.0000E+00  0.0000E+00  0.0000E+00  0.0000E+00
As74  1.2028E-12  2.9430E-12  1.7464E-10  5.0299E-09  0.0000E+00  0.0000E+00  0.0000E+00  0.0000E+00  0.0000E+00
As75  4.1526E-08  5.5607E-08  1.9595E-07  8.7604E-07  1.6840E-09  3.4878E-09  3.6983E-08  7.2840E-09  1.5881E-08
As76  1.5109E-12  3.6099E-11  4.8491E-09  1.0494E-07  0.0000E+00  0.0000E+00  0.0000E+00  0.0000E+00  0.0000E+00
As77  1.9162E-14  5.6691E-12  8.2124E-08  3.4221E-07  0.0000E+00  0.0000E+00  0.0000E+00  0.0000E+00  0.0000E+00
Se74  2.4483E-08  9.6638E-09  9.4777E-08  2.9470E-07  1.5695E-10  1.7862E-10  2.3025E-10  3.3218E-10  4.7955E-10
Se75  3.0270E-10  2.8722E-10  1.7976E-09  2.3951E-08  2.5070E-34  1.6614E-33  2.3686E-33  3.0948E-33  1.6605E-30
Se76  1.3424E-07  1.4346E-07  3.5681E-07  1.4863E-06  1.8094E-09  5.4318E-09  8.0512E-08  1.1427E-08  2.7313E-08
Se77  3.8137E-08  5.1696E-08  8.4547E-08  4.1685E-07  1.4434E-09  2.9463E-09  3.2861E-08  5.9336E-09  1.2635E-08
Se78  2.5511E-07  3.4655E-07  5.8833E-07  2.8539E-06  4.6330E-09  1.2243E-08  1.9288E-07  2.3747E-08  5.3621E-08
Se79  2.7950E-08  2.7364E-08  8.0486E-08  5.8366E-07  3.5411E-15  4.6787E-13  3.0323E-11  2.2429E-12  3.4872E-12
Se80  1.1780E-07  7.7822E-08  3.7591E-07  2.3936E-06  9.4803E-09  1.0851E-08  1.7270E-08  2.0264E-08  2.9350E-08
Se81  3.0583E-16  5.8936E-16  4.6422E-14  5.7366E-10  0.0000E+00  0.0000E+00  0.0000E+00  0.0000E+00  0.0000E+00
Se82  9.2398E-10  1.0631E-09  1.8734E-07  2.0309E-07  1.7160E-09  1.9506E-09  2.5195E-09  3.6811E-09  5.3760E-09
Se83  2.1856E-20  2.6994E-19  2.3557E-14  3.6320E-12  0.0000E+00  0.0000E+00  0.0000E+00  0.0000E+00  0.0000E+00
Br75  7.9207E-15  4.6363E-15  1.2914E-14  1.7252E-13  0.0000E+00  0.0000E+00  0.0000E+00  0.0000E+00  0.0000E+00
Br76  1.0807E-13  1.3660E-13  2.0053E-13  3.0874E-11  0.0000E+00  0.0000E+00  0.0000E+00  0.0000E+00  0.0000E+00
Br77  8.6089E-11  4.4670E-11  1.3507E-10  2.0918E-09  0.0000E+00  0.0000E+00  0.0000E+00  0.0000E+00  0.0000E+00
Br78  4.3238E-20  1.4168E-19  5.1987E-16  3.6474E-12  0.0000E+00  0.0000E+00  0.0000E+00  0.0000E+00  0.0000E+00
Br79  1.2014E-08  1.9543E-08  2.9276E-08  1.3433E-07  1.5320E-09  2.3951E-09  2.0022E-08  4.5333E-09  8.3057E-09
Br80  9.5436E-15  8.4175E-14  1.1025E-12  2.4368E-10  0.0000E+00  0.0000E+00  0.0000E+00  0.0000E+00  0.0000E+00
Br81  2.2039E-08  1.7771E-08  1.0626E-07  6.2189E-07  1.5197E-09  1.8706E-09  6.4361E-09  3.4769E-09  5.4053E-09
Br82  1.1558E-12  2.5459E-11  2.9311E-09  4.8288E-08  0.0000E+00  0.0000E+00  0.0000E+00  0.0000E+00  0.0000E+00
Br83  4.3767E-15  1.6316E-13  9.8659E-09  5.6079E-08  0.0000E+00  0.0000E+00  0.0000E+00  0.0000E+00  0.0000E+00
Kr78  1.2671E-08  4.4516E-09  3.5195E-08  6.6539E-08  5.4696E-11  6.2246E-11  8.0236E-11  1.1576E-10  1.6712E-10
Kr79  2.8052E-10  1.9969E-10  7.9211E-10  2.1619E-09  0.0000E+00  0.0000E+00  0.0000E+00  0.0000E+00  0.0000E+00
Kr80  8.9633E-08  7.2715E-08  2.2005E-07  5.9984E-07  4.0291E-10  1.8654E-09  3.9670E-08  3.5544E-09  8.9007E-09
Kr81  1.4981E-08  2.3782E-08  2.5522E-08  9.6775E-08  1.3566E-11  5.4455E-10  1.4968E-08  1.0506E-09  2.8846E-09
Kr82  1.9530E-07  2.5694E-07  4.3722E-07  1.6268E-06  1.9741E-09  5.9785E-09  1.1983E-07  1.0821E-08  2.4565E-08
Kr83  6.1578E-08  8.1047E-08  2.0612E-07  8.0428E-07  1.8924E-09  3.3022E-09  4.0029E-08  6.0164E-09  1.1409E-08
Kr84  3.2693E-07  4.3779E-07  9.9419E-07  4.6737E-06  9.4169E-09  1.5278E-08  1.8725E-07  2.7337E-08  4.9396E-08
Kr85  4.2355E-08  2.1358E-08  1.8204E-07  9.4247E-07  1.3884E-31  5.5954E-30  4.7251E-29  3.9569E-29  2.6261E-25
Kr86  1.6828E-07  7.1339E-08  1.2638E-06  2.5340E-06  2.8907E-09  3.3021E-09  5.0810E-09  6.3628E-09  9.4546E-09
Kr87  4.2426E-16  1.7166E-14  6.1775E-12  2.6178E-11  0.0000E+00  0.0000E+00  0.0000E+00  0.0000E+00  0.0000E+00
Rb79  6.9349E-20  6.7983E-20  9.3463E-18  2.1297E-16  0.0000E+00  0.0000E+00  0.0000E+00  0.0000E+00  0.0000E+00
Rb80  1.2201E-32  7.6909E-32  2.1563E-23  6.7487E-19  0.0000E+00  0.0000E+00  0.0000E+00  0.0000E+00  0.0000E+00
Rb81  4.5563E-12  2.1516E-12  4.0040E-12  1.0083E-11  0.0000E+00  0.0000E+00  0.0000E+00  0.0000E+00  0.0000E+00
Rb82  6.0906E-13  6.5439E-13  3.8094E-13  9.4045E-12  0.0000E+00  0.0000E+00  0.0000E+00  0.0000E+00  0.0000E+00
Rb83  5.3527E-10  3.1257E-10  1.4168E-09  5.1043E-09  0.0000E+00  0.0000E+00  0.0000E+00  0.0000E+00  0.0000E+00
Rb84  8.1615E-12  9.6482E-12  4.7841E-11  5.5706E-10  0.0000E+00  0.0000E+00  0.0000E+00  0.0000E+00  0.0000E+00
Rb85  4.6374E-08  7.5461E-08  1.6447E-07  7.2953E-07  2.2015E-09  3.3019E-09  3.4754E-08  5.9283E-09  1.0224E-08
Rb86  5.6506E-09  4.5589E-09  3.6641E-08  2.4444E-07  6.5475E-34  2.0857E-32  1.3778E-31  9.7034E-33  7.7816E-28
Rb87  7.1326E-08  1.8292E-08  7.4272E-07  1.7032E-06  9.2140E-10  1.0499E-09  1.4600E-09  2.0061E-09  2.9631E-09
Rb88  1.2666E-16  6.8180E-16  3.0722E-14  1.2103E-11  0.0000E+00  0.0000E+00  0.0000E+00  0.0000E+00  0.0000E+00
Sr84  2.8926E-07  9.2999E-08  5.2883E-07  5.8510E-07  3.7847E-11  4.3072E-11  5.5523E-11  8.0105E-11  1.1564E-10
Sr85  7.5214E-09  4.7741E-09  1.8736E-08  2.1324E-08  3.4201E-35  2.2669E-34  3.2333E-34  4.2202E-34  2.2641E-31
Sr86  2.3551E-07  2.9847E-07  9.7684E-07  2.4613E-06  7.7249E-10  3.0870E-09  9.9273E-08  5.0450E-09  1.1811E-08
Sr87  1.0708E-07  1.8408E-07  3.3163E-07  1.5239E-06  5.3368E-10  1.8295E-09  5.9773E-08  2.9975E-09  6.8237E-09
Sr88  2.2437E-06  2.9456E-06  1.4235E-05  3.4647E-05  6.1051E-09  1.1364E-08  3.0867E-07  2.0630E-08  4.0954E-08
Sr89  1.0764E-07  2.1985E-08  7.5581E-07  1.5804E-06  8.8103E-35  4.1539E-33  3.6834E-32  1.7712E-33  1.6427E-28
Sr90  6.9082E-08  3.1055E-09  6.5641E-07  4.7803E-07  0.0000E+00  0.0000E+00  0.0000E+00  2.3056E-43  2.0084E-29
Sr91  2.6018E-17  1.7679E-16  7.0131E-10  3.2127E-09  0.0000E+00  0.0000E+00  0.0000E+00  0.0000E+00  0.0000E+00
Y85   1.3422E-12  5.6462E-13  8.4744E-13  8.1896E-13  0.0000E+00  0.0000E+00  0.0000E+00  0.0000E+00  0.0000E+00
Y86   4.0592E-12  3.0178E-12  3.8694E-12  2.9337E-12  0.0000E+00  0.0000E+00  0.0000E+00  0.0000E+00  0.0000E+00
Y87   4.7151E-10  2.1383E-10  1.3203E-09  1.1358E-09  0.0000E+00  0.0000E+00  0.0000E+00  0.0000E+00  0.0000E+00
Y88   2.0415E-10  1.2846E-10  1.5122E-09  2.2094E-09  0.0000E+00  0.0000E+00  0.0000E+00  0.0000E+00  0.0000E+00
Y89   6.9612E-07  9.3255E-07  3.9946E-06  9.0626E-06  1.6161E-09  2.5372E-09  5.9152E-08  4.8167E-09  9.0769E-09
Y90   1.3006E-11  1.0190E-10  8.1946E-08  2.1769E-07  0.0000E+00  0.0000E+00  0.0000E+00  0.0000E+00  0.0000E+00
Y91   4.4510E-14  2.5432E-12  5.0468E-07  9.5902E-07  0.0000E+00  0.0000E+00  0.0000E+00  0.0000E+00  0.0000E+00
Zr90  5.1606E-06  2.4547E-06  1.0321E-05  1.2192E-05  1.9490E-09  2.5742E-09  3.6113E-08  4.9751E-09  8.5032E-09
Zr91  2.3810E-07  2.7834E-07  1.1019E-06  2.2852E-06  4.2988E-10  5.6179E-10  7.7538E-09  1.0964E-09  1.8758E-09
Zr92  5.1459E-07  5.9574E-07  3.0348E-06  4.8214E-06  6.6482E-10  8.5139E-10  1.0738E-08  1.6846E-09  2.8652E-09
Zr93  1.6375E-07  1.8395E-07  8.3660E-07  1.4855E-06  2.8874E-12  2.7068E-11  2.4965E-09  7.9653E-11  2.2812E-10
Zr94  6.6148E-07  7.5382E-07  3.3836E-06  4.1024E-06  6.8615E-10  8.3977E-10  7.0720E-09  1.6618E-09  2.7197E-09
Zr95  5.4871E-08  2.0561E-08  4.6154E-07  6.8977E-07  7.3822E-35  1.0433E-33  4.9319E-33  1.0990E-33  3.2133E-29
Zr96  2.2787E-07  1.3547E-08  1.8789E-06  9.7544E-07  0.0000E+00  0.0000E+00  0.0000E+00  0.0000E+00  2.5223E-33
Zr97  5.5678E-17  1.8272E-16  2.4894E-10  9.5624E-10  0.0000E+00  0.0000E+00  0.0000E+00  0.0000E+00  0.0000E+00
Nb91  4.3594E-09  2.1918E-09  1.1798E-08  2.4116E-08  0.0000E+00  0.0000E+00  0.0000E+00  0.0000E+00  0.0000E+00
Nb92  1.3426E-11  1.3698E-11  1.1004E-09  3.7581E-09  0.0000E+00  0.0000E+00  0.0000E+00  0.0000E+00  0.0000E+00
Nb93  3.1624E-10  5.9616E-10  1.1660E-08  3.0919E-08  2.9245E-10  3.3386E-10  5.2521E-10  6.2196E-10  9.0337E-10
Nb94  2.9860E-12  7.4677E-12  9.2201E-10  1.4752E-09  1.1465E-22  1.0370E-22  1.4855E-21  4.8441E-22  2.8578E-19
Nb95  1.6128E-09  1.4160E-09  1.8889E-08  3.3311E-08  4.0294E-35  5.6945E-34  2.6922E-33  6.0923E-34  1.7545E-29
Nb96  1.4324E-11  8.3775E-13  3.2918E-10  3.2203E-09  0.0000E+00  0.0000E+00  0.0000E+00  0.0000E+00  0.0000E+00
Nb97  3.5592E-18  4.5064E-17  6.8898E-11  5.5986E-10  0.0000E+00  0.0000E+00  0.0000E+00  0.0000E+00  0.0000E+00
Mo92  9.2970E-08  1.7728E-07  1.4844E-06  6.0441E-07  1.1053E-10  1.2574E-10  1.6207E-10  2.3394E-10  3.3776E-10
Mo93  2.4065E-09  5.2509E-09  7.9356E-08  3.0440E-08  2.3506E-21  2.2792E-20  1.7918E-19  1.0051E-18  5.0534E-18
Mo94  4.2158E-08  8.4187E-08  1.0940E-06  4.2875E-07  7.1613E-11  8.1321E-11  1.0967E-10  1.5171E-10  2.1970E-10
Mo95  4.5362E-08  5.9001E-08  1.3596E-07  1.1040E-07  1.2536E-10  1.4757E-10  6.9654E-10  2.8347E-10  4.3701E-10
Mo96  1.3916E-07  1.9497E-07  7.3457E-07  6.5146E-07  2.4611E-10  2.9075E-10  1.4760E-09  5.6274E-10  8.7623E-10
Mo97  4.6755E-08  5.5765E-08  1.7858E-07  1.8486E-07  7.7815E-11  9.2045E-11  4.7754E-10  1.7867E-10  2.7916E-10
Mo98  1.7289E-07  2.1376E-07  6.4112E-07  7.0503E-07  2.0054E-10  2.3888E-10  1.3900E-09  4.7039E-10  7.4813E-10
Xe132  3.6223E-07  4.5438E-07  1.7034E-06  1.7916E-06  6.6853E-10  7.7794E-10  2.6968E-09  1.4977E-09  2.2849E-09
Xe133  2.0037E-08  1.2069E-08  2.0495E-07  1.8158E-07  1.2804E-35  1.1937E-34  3.3661E-34  1.6918E-34  2.1240E-30
Xe134  9.9861E-08  1.1400E-08  1.4130E-06  5.6459E-07  2.4932E-10  2.8332E-10  3.6533E-10  5.3021E-10  7.6823E-10
Xe135  8.3432E-17  1.4907E-14  3.1016E-08  1.5432E-08  0.0000E+00  0.0000E+00  0.0000E+00  0.0000E+00  0.0000E+00
Cs133  4.9142E-08  6.6057E-08  2.5969E-07  2.0950E-07  1.7493E-10  2.0126E-10  4.7181E-10  3.8088E-10  5.6554E-10
Cs134  1.0966E-09  2.2503E-09  1.2180E-08  3.1881E-08  3.7491E-33  3.0090E-32  6.8117E-32  5.3100E-32  3.2843E-28
Cs135  1.6915E-08  7.1850E-09  1.5425E-07  2.0563E-07  9.1526E-14  7.3731E-14  2.3488E-13  5.2763E-13  1.0314E-12
Cs136  9.3214E-09  2.4320E-09  6.8111E-08  7.1216E-08  2.7455E-37  1.9481E-36  1.7786E-36  4.0328E-36  1.6070E-32
Cs137  1.2633E-07  4.7413E-09  1.0783E-06  3.3121E-07  0.0000E+00  0.0000E+00  0.0000E+00  0.0000E+00  1.3201E-33
Cs138  3.4437E-19  1.7727E-19  2.0402E-15  4.8119E-16  0.0000E+00  0.0000E+00  0.0000E+00  0.0000E+00  0.0000E+00
Ba134  1.4793E-07  2.0777E-07  6.8485E-07  4.7686E-07  5.5863E-11  6.9594E-11  6.7437E-10  1.4946E-10  2.6183E-10
Ba135  4.4658E-08  6.0621E-08  1.2614E-07  1.2721E-07  1.4757E-10  1.7006E-10  4.2301E-10  3.2354E-10  4.8354E-10
Ba136  3.8043E-07  5.3756E-07  1.5171E-06  1.4187E-06  1.8207E-10  2.1997E-10  1.4353E-09  4.6273E-10  7.7965E-10
Ba137  2.8382E-07  3.9597E-07  8.4401E-07  1.0178E-06  2.5810E-10  3.0263E-10  1.1318E-09  6.0530E-10  9.5832E-10
Ba138  7.1456E-06  9.2129E-06  1.4368E-05  8.5094E-06  1.6594E-09  1.9431E-09  4.9922E-09  3.9678E-09  6.4276E-09
Ba139  2.1576E-13  6.8534E-12  1.4387E-11  2.5161E-12  0.0000E+00  0.0000E+00  0.0000E+00  0.0000E+00  0.0000E+00
La138  6.7402E-11  1.7975E-10  2.9137E-10  1.6383E-10  1.7386E-13  1.9851E-13  2.6279E-13  3.8395E-13  5.7755E-13
La139  9.8034E-07  1.3322E-06  1.5773E-06  8.5449E-07  1.9331E-10  2.2546E-10  4.8951E-10  4.5653E-10  7.3304E-10
La140  7.1743E-13  7.9254E-11  2.7279E-10  5.9081E-11  0.0000E+00  0.0000E+00  0.0000E+00  0.0000E+00  0.0000E+00
Ce140  2.7401E-06  3.6914E-06  3.4067E-06  1.1370E-06  5.1900E-10  6.0042E-10  1.0243E-09  1.1903E-09  1.8617E-09
Ce141  6.7937E-07  6.6752E-08  1.8993E-06  1.7832E-08  8.6565E-36  8.3522E-35  1.4788E-34  1.2074E-34  1.7406E-30
Pr141  2.1703E-07  3.4495E-07  3.1740E-07  7.6880E-08  8.1152E-11  9.3188E-11  1.4042E-10  1.7971E-10  2.7185E-10
Pr142  7.6177E-13  1.3968E-10  1.8710E-09  1.1482E-09  0.0000E+00  0.0000E+00  0.0000E+00  0.0000E+00  0.0000E+00
Nd142  8.4751E-07  1.5430E-06  9.6305E-07  2.4912E-07  1.1174E-10  1.2956E-10  2.1822E-10  2.6028E-10  4.1243E-10
Nd143  9.0538E-08  1.5279E-07  6.1288E-08  2.2872E-08  4.9480E-11  5.6628E-11  7.9591E-11  1.0788E-10  1.6058E-10
Nd144  2.9887E-07  5.0928E-07  1.9274E-07  7.0120E-08  9.8702E-11  1.1326E-10  1.6496E-10  2.1867E-10  3.3067E-10
Hg202  5.4819E-07  9.2867E-07  4.1653E-07  1.2433E-07  9.8589E-11  1.1372E-10  1.7617E-10  2.2548E-10  3.5094E-10
Hg203  2.3522E-08  1.8680E-08  2.5572E-08  4.1969E-09  1.7206E-35  1.5910E-34  2.6518E-34  2.3795E-34  2.3092E-30
Hg204  4.4583E-08  7.9773E-09  4.4869E-08  3.6794E-09  2.2632E-11  2.5731E-11  3.3164E-11  4.7940E-11  6.9259E-11
Hg205  4.8367E-19  4.7808E-19  2.2593E-17  1.1637E-17  0.0000E+00  0.0000E+00  0.0000E+00  0.0000E+00  0.0000E+00
Tl203  2.5975E-07  4.3575E-07  1.3557E-07  6.3751E-08  5.2429E-11  6.0312E-11  8.9850E-11  1.1815E-10  1.8143E-10
Tl204  1.8169E-08  2.2257E-08  1.7712E-08  9.4546E-09  6.3308E-34  5.5630E-33  9.1295E-33  1.2463E-32  9.7107E-29
Tl205  5.6675E-07  8.7380E-07  2.7231E-07  5.3390E-08  1.2641E-10  1.4530E-10  2.1158E-10  2.8428E-10  4.3596E-10
Tl206  7.1325E-15  2.7821E-14  4.2211E-16  7.4809E-15  0.0000E+00  0.0000E+00  0.0000E+00  0.0000E+00  0.0000E+00
Pb204  3.9726E-07  7.6599E-07  1.7740E-07  6.1890E-08  2.5855E-11  3.0459E-11  5.7544E-11  6.6330E-11  1.1308E-10
Pb205  5.9914E-08  1.2633E-07  4.7364E-08  2.9438E-08  1.5613E-20  1.1290E-20  7.6795E-20  6.0348E-20  1.2513E-19
Pb206  2.7819E-06  4.7028E-06  9.6972E-07  1.9438E-07  2.3840E-10  2.7610E-10  4.2131E-10  5.5940E-10  8.9067E-10
Pb207  3.5221E-06  5.8096E-06  8.4256E-07  1.0991E-07  2.6414E-10  3.0503E-10  4.4792E-10  6.0833E-10  9.5425E-10
Pb208  1.0180E-05  2.2142E-05  1.1796E-06  6.4725E-08  7.5866E-10  8.7233E-10  1.2312E-09  1.7181E-09  2.6506E-09
Pb209  4.3075E-14  5.7908E-13  1.3733E-14  1.9816E-15  0.0000E+00  0.0000E+00  0.0000E+00  0.0000E+00  0.0000E+00
Bi208  2.9557E-07  6.8125E-07  4.4259E-09  2.0737E-10  0.0000E+00  0.0000E+00  0.0000E+00  0.0000E+00  0.0000E+00
Bi209  4.6204E-07  1.0208E-06  3.9538E-08  9.0338E-10  1.0257E-10  1.1703E-10  1.5490E-10  2.2527E-10  3.3686E-10
